179068
36512
186249
172925
109867
190602
207601
215833
147114
208445
130944
166205
110153
73679
206300
133098
126173
204639
164531
12422
144358
193003
73315
188036
175679
62970
171883
18806
78052
22755
203815
69570
91017
54721
604
203918
85079
84822
25678
138248
72883
191706
143606
104445
154130
16790
198878
4346
9977
195096
189968
211190
174330
82200
35124
192519
118059
23795
96590
94593
214611
4246
6114
159273
128976
94248
77331
109507
141302
132897
165719
94967
83658
128046
66247
123623
115406
70096
22207
174584
15099
207949
11721
99920
5977
128391
84868
73480
75278
159108
146400
35395
210347
110263
78702
88227
21574
176519
95926
198014
173163
178528
125921
80433
122967
70392
13593
35729
78051
84674
76097
54669
60591
28578
127644
61047
112377
86787
108596
59786
181424
203514
88738
11134
126438
98680
216200
182543
122844
60302
56856
105476
16953
177273
142614
64
193478
38263
73549
147932
36413
148138
107722
3860
210615
98042
90899
81289
795
182149
43298
161921
181025
116140
218675
74033
151958
84652
27763
138914
52130
133504
105355
89286
10194
112341
144026
207006
46798
131906
1834
203951
1508
31912
6105
197282
10726
168078
173892
212193
24171
167863
208924
175324
58018
216955
27506
27121
208747
111858
133886
193026
96446
201307
136549
5826
157045
175212
168279
3731
114833
199522
206196
202857
41901
141442
96023
203316
214149
126767
15743
80815
157226
121532
105432
170197
126288
49163
91143
30533
206090
203917
75007
49681
208547
212722
134984
180384
79586
202649
65324
50191
211649
150247
146032
126165
10941
214964
139951
174399
65419
45909
201814
141971
153431
178906
48873
26408
123081
183199
136305
19104
84551
176899
184599
184636
205186
168622
7632
135306
90136
48881
43273
8876
167127
138120
143722
965
102390
211712
67140
62401
1716
173678
169090
30392
109956
193015
130162
146672
15888
161682
46161
17061
180141
37004
194688
198927
181041
40964
5427
85682
14877
162479
96128
129910
159603
191563
144764
197282
77736
197365
211082
73606
213644
154348
201932
160341
186946
82359
117351
91482
185949
119335
36388
202074
157644
128770
214153
64935
14441
96119
217389
191794
8857
208590
121129
120826
47450
79152
86532
57209
218426
63849
128158
187676
149285
97986
118771
34320
215671
13265
107123
163843
73435
81161
40809
88138
212941
170186
209655
118255
99252
84029
164395
41401
175510
141341
80256
44333
37855
97475
63212
157787
82005
20184
99398
20458
64050
20212
201039
27462
6852
70776
133311
206388
139699
61030
14818
199077
24166
185342
72283
105932
138799
140856
118271
78936
218046
131341
86033
111280
84183
156811
148332
82015
14268
55559
203038
193355
41581
158772
165595
136874
32079
50984
149756
167805
163154
153756
132780
106996
171391
194872
26959
179617
213777
17854
49210
75065
139403
74766
66473
20409
210444
100564
164216
16182
98135
137872
126571
42710
186978
66123
124758
77627
15458
155912
49288
191908
160456
21893
132279
191541
152601
139718
10290
83258
117367
37073
73735
170600
55562
144538
132993
137517
85768
21024
189864
25786
215423
212477
186984
175381
23989
91544
145753
64008
161389
185274
137066
195263
175081
214611
101409
162534
200189
62290
176000
41050
181682
163786
188098
85360
125345
80652
139977
55817
170668
205804
65077
106284
12629
99629
73124
164511
173960
145406
90114
181705
61816
2439
145281
983
113684
5294
184721
107432
79465
23538
88972
198358
56883
180796
200928
202996
53
61347
189359
91266
205848
101472
153081
105125
24656
50295
63117
132448
91773
199683
158277
109092
110564
162987
186095
76186
116351
164187
164346
117174
37979
109136
146743
197992
78623
195751
87334
48605
189432
28015
187463
95751
104798
99741
211268
38348
216344
9011
89670
211293
18587
187156
27101
22110
728
63324
175693
43302
185536
28087
112889
142345
128330
153591
129032
67820
74178
143455
152240
115564
41156
5853
25594
27091
108612
156142
206997
113091
140419
200734
142751
139316
166228
75472
29331
218560
162375
63364
116000
28342
121640
100862
208960
90602
5475
188418
123164
33090
99500
185943
22981
173689
41383
64311
31613
129089
150504
74186
178028
32579
164553
212881
163706
116751
88545
31035
189929
157580
196615
5956
208136
91493
103118
185290
81148
139956
592
196618
25138
107842
115487
67118
93403
86942
165770
176228
191462
86761
122313
86990
70433
137993
27022
182069
135514
78951
7921
37898
76606
174076
149777
196144
12841
32843
5479
15472
153097
10685
189830
16235
15809
89720
144035
190223
50583
7409
92346
145234
109681
42195
23341
178818
131531
144081
104087
143120
24198
101905
218297
87808
193189
4561
184047
71879
104092
77230
21893
109550
42651
73641
91559
85929
98605
73796
14236
146232
144826
35370
113548
64261
64311
86867
213281
77029
182308
140086
14097
50313
55727
36069
101896
74751
21151
195490
80411
45657
10668
39038
36947
97658
199073
126263
164566
10958
92598
12214
186190
49170
38423
83731
86373
126350
6467
44310
83198
115485
29684
97380
105852
201532
90370
22236
13359
140925
195697
65406
97271
217427
49375
21531
97528
196937
79478
88079
125845
178883
68014
130568
121253
149000
187281
99091
194132
187197
179997
43046
170726
70777
161920
173209
213323
173215
202075
198009
104582
138300
159132
182184
104074
29803
17042
52435
147197
215413
114691
150887
87807
37471
193484
49299
188081
49981
56317
6300
20770
196697
30186
197684
141923
178841
85610
123325
90187
65101
37611
207264
90982
203499
14321
128475
78665
125425
19458
165429
99084
218388
189653
32088
55700
103543
217034
210441
73256
180437
215413
116162
121812
198546
44798
169279
57995
91759
14985
134016
205112
184449
109147
141301
116450
197445
83040
151405
96844
157500
167465
73986
937
177565
90841
217871
198072
93564
106184
111388
128833
5068
121237
16435
25712
60488
59297
16031
7729
113048
102010
24584
168126
13524
32619
17513
128210
35212
27965
153274
197791
25101
171534
117385
163162
208738
23165
80338
125446
33342
104796
39291
125242
67703
148876
167538
20409
119908
79634
137646
196798
119508
201967
204598
35565
108522
141720
99258
34131
174729
111395
90708
52865
37642
158351
141957
28307
56184
208427
133951
11335
9883
125468
10760
59490
200803
155360
109243
178425
200330
138143
99354
87951
15596
100305
178783
84429
141443
72270
1909
207613
39301
143655
89711
123247
123449
39534
3110
93019
196373
126556
120332
149007
178339
197731
208108
204273
180231
214651
24931
64601
169595
30827
110465
83907
49516
193972
184387
127610
147581
166883
55666
23528
122708
214258
85581
108130
158884
109992
153603
85444
172606
146460
127513
116084
94555
7905
190195
26939
191895
172200
201334
130456
208178
75318
11001
91959
84275
157281
162975
1355
197942
74692
21812
54957
154266
137921
185153
127419
53388
3957
98763
18502
141198
55329
38462
42671
51438
79360
82024
199446
35120
59797
65015
72448
80293
197623
99204
96632
90106
165235
200675
212888
177961
194587
191775
73068
47420
190065
124556
160671
132360
125972
191866
148594
18273
94868
154781
139604
135328
161550
124514
17750
47449
83966
26806
47163
81958
120930
100797
59961
84000
174910
132161
64739
208949
66963
182643
131437
80200
46436
182466
186558
202044
192059
9673
184484
115861
35260
207318
131742
151871
151956
171431
142079
215971
148586
203882
180269
170570
130223
3726
186060
47683
136370
115447
3691
144758
79772
100305
172031
155955
135764
177039
201516
77697
216835
102911
144566
68856
197633
177994
23675
167445
173063
128066
74050
161303
176915
23288
135036
76736
30892
28066
185881
103249
55948
6900
187182
161584
134274
31311
83521
88744
156017
172498
15711
11947
110723
173281
213037
198811
216615
191445
173552
27084
40394
86724
23445
70538
125710
109974
8488
81090
149333
27460
64296
125255
120700
143196
34859
103467
51947
50
2685
166169
101209
96008
146134
11794
206898
88313
117833
16290
131247
183927
133333
109950
107562
214946
167640
136650
200597
126565
45763
59560
52505
109389
97637
177108
36239
191026
27357
191343
81000
174162
29002
199486
129266
43269
19007
150596
206906
113924
65992
158355
61379
188226
82582
180401
184159
71503
195899
8554
535
131094
83336
158348
160523
150627
52601
102580
106165
170252
58049
41314
65758
26199
5414
4559
179836
26267
132782
66299
187253
84055
215584
98433
53909
59217
61884
46931
36934
95146
80480
178445
139775
162120
118367
103855
3229
15216
124052
139963
130821
80041
27526
123344
99347
50702
129470
191740
110741
3220
43855
187312
168293
174060
160790
29119
65970
70871
60683
112496
176609
90965
138026
200058
10043
82770
103877
1197
112810
153177
58568
11254
191766
90546
81715
187777
86067
93705
43789
158908
200203
65089
203314
142499
10595
66118
84875
75818
120178
134902
172409
165613
133400
139712
214143
216375
132528
199848
154472
160436
156925
187556
140905
196497
174545
95108
147665
115557
212960
83563
56699
27563
114470
134016
141800
108791
86787
213105
95968
125671
117181
172420
38299
149203
33897
161663
195360
181864
148389
138011
86651
141043
208438
132100
80190
41935
49424
79533
195366
117582
151734
151480
6639
27134
161103
133247
181744
25341
118204
153013
115009
16867
153144
89876
104022
44660
202677
79177
69156
207867
58871
117563
137172
140334
190350
77275
108480
40900
62710
139771
151757
116139
218495
115849
208338
103561
54415
13567
195891
104267
169860
65260
140401
198003
13641
42218
86441
101889
70330
198538
19684
169004
19531
23083
3651
146258
190062
129253
116102
179431
212711
31986
59529
145429
53737
98753
201529
184043
196198
188703
28681
43962
168345
136808
49242
140064
133056
199277
106714
73794
86116
121351
131244
14367
99084
16558
170299
165811
67636
110537
147016
191228
159108
82489
216044
49475
5489
198646
46780
206948
56220
43057
159014
15477
15341
199265
67116
174591
83472
35885
191817
205554
195364
145604
44483
210151
192912
216551
125901
100093
182647
27055
147321
81480
42810
138223
42739
189075
183006
12079
181872
85339
126211
191216
103515
23353
82592
113042
185881
217293
101306
124922
204554
167495
49452
169441
176187
162960
32321
159880
70751
30912
29710
138266
97270
87962
132315
204700
103759
137407
61038
174831
54278
135442
100631
124722
123266
84854
74837
7824
59335
208736
199063
161708
72087
20736
119045
53189
109625
205361
45274
152210
63842
184901
119214
45039
108525
70050
144781
181620
210436
141037
199983
184946
2979
51081
106228
99848
121518
125728
162795
159211
132002
73526
15081
37530
101445
55342
207881
201272
29665
125161
4688
80130
180505
112990
65894
15374
139866
202685
41901
15386
130208
151341
76665
88224
103580
10851
184373
183772
21049
27800
30246
5805
131422
214857
122086
98355
46097
136615
167599
6453
201971
206208
142365
209466
207229
122790
145532
94921
72083
191654
92782
188150
136912
131979
107848
134872
144110
214560
156564
47460
34377
152222
132535
111674
36101
179081
95316
89554
4671
44119
178636
175558
215418
172175
4083
192960
90974
137797
10541
87996
341
210864
71537
87573
189039
208427
19645
83976
363
104884
126491
68447
120256
54300
20586
47891
35911
202062
193420
70880
183925
113719
101905
126939
101864
70164
80752
1215
81395
400
207219
182384
1315
149370
86497
94921
215435
180333
192109
19373
7763
32378
139343
96894
7107
169742
199545
150466
205428
67065
216114
85272
8414
61369
15691
140526
167693
115324
163239
122586
72807
155841
20433
205413
31717
53401
117797
29061
74572
168495
120985
53922
94502
142604
160951
19908
209379
215622
131405
74448
84653
91522
24182
130832
25542
90596
200657
111446
13711
203426
11521
98564
55014
46431
109947
188757
135772
58840
94299
50750
181426
178059
84621
126718
204132
202739
60644
53991
40930
42401
38671
213211
77496
130596
177404
151094
182661
161915
201797
85215
77411
74746
198954
98647
187228
30594
5524
180318
56330
164419
218088
145189
207141
159268
167003
63277
65847
182733
137663
20979
66795
107204
28826
457
66603
66874
127934
148800
105541
9737
112199
38611
3175
129164
72487
197412
170594
69904
168543
84309
148023
173970
90824
211308
5486
47654
18602
192818
166748
211594
121610
107325
198587
23921
6266
135184
193257
110742
84137
83269
35883
82113
158384
11655
213815
161885
81840
147552
151503
78935
66972
154408
120434
35161
32485
128079
148468
192048
32289
70058
4483
158175
197755
58515
111427
200513
20157
201568
191604
116200
210713
155781
93352
89295
214010
85970
121626
23872
69733
61434
133852
183946
34938
70985
133144
121757
15045
78899
134676
153849
45565
10685
71811
138141
207607
9179
131572
136083
16974
118934
197006
104952
7430
36796
20152
211430
37504
22329
136769
88181
62840
89813
59339
12831
61779
18057
90864
24653
33040
48223
89664
176762
11212
35919
129683
169173
25114
196179
126957
157392
56970
167168
45158
137742
99751
71271
103465
111188
93980
98058
117222
170150
22254
189843
35632
205781
21818
4140
12284
36694
169450
109665
48222
212894
7013
162139
49344
3110
65457
40163
117792
140716
202496
154711
56303
40203
2313
120376
57137
184452
99520
89496
74023
203048
91371
32307
91532
76380
2215
89135
27627
1366
217837
214358
179705
122919
73147
68003
146590
38889
209754
187307
191211
52320
161923
174278
45611
28776
48412
40508
207059
8915
210946
19713
168016
96909
51351
185541
25654
98181
155443
143175
184329
122016
79083
92651
127667
167360
174599
82560
109425
198791
177065
176036
149647
20306
190221
61952
99118
47765
14189
2574
37381
95424
122588
25337
63902
170333
76573
176127
54242
202685
199254
199477
132080
85466
128719
81013
138361
73960
84700
75005
137310
35529
124882
123258
169062
160312
31752
44754
36283
74943
139284
152816
42033
12836
99365
71371
50916
53463
106374
59627
172691
48079
93483
130985
10749
128705
15515
118759
95076
218648
109357
174737
215559
132502
9304
215412
165743
31735
14079
81638
196205
4120
67288
69049
180385
33375
128803
31673
17736
200651
162014
24718
209323
169854
23011
174831
100819
58453
208156
81513
130138
110888
137046
164331
101511
150332
1409
150797
159136
71864
24575
161144
44262
199375
106652
164589
194682
94026
164743
33597
124758
33454
171293
94051
218766
213742
179654
209666
87966
165009
17540
181043
178748
176319
92896
152041
168468
203048
156235
160829
108182
39675
148673
211165
963
132437
187018
212525
14340
7151
146077
128610
110006
82881
162670
97483
105814
185141
76602
147418
144627
204538
115120
156853
216107
150812
83065
77980
207275
77022
212926
20359
87805
98494
154831
10638
158774
63010
111652
116739
61030
215945
95034
168092
186148
38533
4985
1530
124407
199904
88552
11290
30975
159453
137637
38369
121370
158015
89336
193517
181443
103231
192267
56949
210551
210321
157002
142431
177222
144868
76974
191558
198000
57645
105674
61149
32476
35867
15327
86720
9240
143043
93816
175685
1747
167763
84445
94115
164709
71033
131207
85664
145718
125381
104876
35165
204752
209898
205524
169146
158384
189585
139308
79065
197415
46220
1977
198826
217514
24765
87215
96742
214651
5130
204372
44144
10958
178567
97586
59134
188392
185725
59960
186758
82888
28974
717
146182
137509
55870
137380
33496
177408
188061
193738
145950
116568
103854
103921
36781
100030
165899
156838
101313
109188
61319
205432
169580
18804
208781
8814
18463
218573
152521
146557
157195
105423
144677
168727
83106
6841
36491
80594
98462
107244
130476
134779
202177
4887
88733
59923
74313
103222
109510
85958
196503
160644
102684
48510
67210
7831
213287
217919
88011
8926
107094
119429
41913
97996
104772
74018
32171
163929
205573
60831
103503
171643
133961
113174
205180
148251
110697
168994
19945
204169
211617
53007
62619
155331
20279
86953
11893
118444
153642
8839
205466
18316
37918
184000
134730
185476
176154
58454
122356
41901
193573
156840
173641
22191
106114
189047
130261
103248
182633
146343
178030
163339
131771
68321
153535
57447
114307
145053
157794
7846
181774
85156
3177
147960
121785
185158
117769
140642
3104
103707
25665
125351
38038
154039
76078
35592
43074
184948
137051
155592
214300
47152
75696
4006
170215
31757
75677
191889
179269
4462
83476
91033
134003
173625
129480
99742
130725
155494
183414
136507
91825
41953
99214
180399
103998
96474
90277
89013
177721
104266
187804
66924
173592
165780
203255
17866
45863
118674
103335
153017
132059
217221
8611
138265
77980
53044
105827
61769
128279
42264
67123
205428
193321
134807
85262
197323
71515
55311
96446
171150
76440
66982
152524
39178
21599
212206
34011
133481
36031
93042
34013
71785
209566
79153
25550
158726
25297
119938
67812
159586
73780
154897
164964
113823
49268
1466
25334
91881
208714
160816
47122
47578
52782
192519
149239
113358
98153
89236
196373
155438
76275
152162
64673
80260
179438
115846
110965
213293
78887
114347
12507
111089
183199
135774
122007
101891
145557
5648
189146
53496
84019
43542
23815
218184
19256
206259
205292
87645
148542
52218
172402
25434
22624
60359
179142
25369
168062
204870
4043
168834
204597
202328
114825
175519
64228
9349
202866
19111
78013
57316
124620
22723
96446
185402
6726
210870
93654
29756
57890
171180
77021
2602
131337
27160
77026
14079
88151
81945
74821
176905
561
143298
213968
45446
205232
51184
160217
184569
51867
53393
2805
3956
124382
91611
205475
121935
69421
3885
180625
169619
186136
154038
189313
11757
160328
101313
198314
115128
18937
218387
141039
61080
134039
133618
161467
32587
32781
172964
193998
26728
151871
93773
72403
167251
4220
43638
216990
136176
213339
181461
167663
87411
28747
45840
44435
180518
23629
63141
154605
179532
128771
213195
18250
22430
70164
85248
9810
8247
114101
163446
72489
126534
166027
131001
203848
125268
28724
89435
51345
29531
196472
25924
185740
79929
4561
180950
212548
189017
13129
201803
102079
94206
10215
572
36043
46409
197179
102747
16044
45861
786
91711
34104
183164
29110
25814
180970
168099
213944
209200
56742
98548
123626
21749
159530
55313
118718
192247
162541
121904
37868
75133
82057
27052
13327
160617
126409
58057
203147
90754
211957
130885
144750
140690
189166
59
137605
85824
197877
105920
138329
140580
200556
40529
198938
92880
206664
40336
158003
33401
159528
196637
206825
77742
134747
46542
106042
112203
204331
195879
216903
30781
162925
153252
89588
202491
19234
61314
206817
70665
130784
112256
177782
187243
191750
198046
54350
30680
131489
141074
43449
101913
190723
155610
62153
119149
189534
8600
207205
151583
108629
217076
54412
8542
15282
55089
1416
81998
199982
46806
148926
11242
12623
114544
166119
77977
207780
165142
42210
193451
165841
101083
54288
108276
65538
158656
157147
76706
125402
20443
184892
212578
123520
115652
38067
211958
180351
214339
10082
106229
134239
47480
104767
714
110920
151838
149850
9308
39309
211618
24190
103582
127031
66161
73481
204446
167315
13443
2003
64378
62985
148571
176129
212506
199839
46235
171280
10472
27163
38418
113265
147194
126325
39392
14211
81490
192807
103427
77409
184507
11957
98358
7080
215304
82703
180863
4408
139942
110421
191413
9279
119332
46819
137376
135431
208641
118379
135643
29461
155060
6770
171689
179757
30328
35361
134427
74178
117237
48674
98366
24881
85198
119314
133855
46945
33748
73771
215257
204452
97634
142441
111990
44691
139666
108995
167833
115161
47795
218574
43033
108659
27907
52222
126182
171301
127674
46381
156905
54443
187334
86802
211227
3075
158131
198049
12450
1130
159861
95786
10472
97258
199077
57990
120047
111508
152461
109094
36399
57279
20054
115341
44116
24587
101529
164388
77387
82054
174229
103130
193852
99233
149552
75569
154082
136008
127925
125139
218012
136795
165242
172942
126314
104222
174589
2936
95543
218607
52238
201120
130784
13094
16705
62750
92278
73399
157734
117590
165512
179056
53604
180837
52458
176246
182230
57686
99148
187447
47281
157200
77802
215931
59749
197553
184444
217149
80115
160822
206851
150868
37125
174839
178546
132502
177954
106134
136246
181328
46311
54847
147451
173822
214185
20200
5671
151323
63739
14104
205075
135146
200908
135354
135316
94600
90917
136826
209725
24236
52019
9263
151024
59338
77660
153003
75084
161920
16923
217242
136165
92905
85529
213200
66947
196703
75603
40964
209187
62664
47571
143171
88866
50741
73495
79923
151338
10934
181113
211800
116684
88559
148891
143268
190724
20154
186175
160019
216421
195530
15644
54854
22674
23896
924
217883
152713
26132
790
174401
123311
3966
16691
131248
54586
108643
213256
86177
192744
20530
8817
3103
85535
150805
26270
102044
33785
63061
10662
181146
43304
107769
215478
203251
48498
105588
37998
16232
21650
209576
51662
109911
190433
106938
218534
11385
19163
90979
174278
145680
215840
20395
176380
155985
185362
216244
190649
148237
33248
27712
54440
32954
106080
202782
135272
12097
120578
161237
24765
130828
2334
215661
95643
216698
132911
171183
218433
34806
77697
205743
40307
211186
6171
202644
104208
79171
16688
123745
212496
96732
217710
69982
155538
141896
118566
209644
199348
58880
62263
95401
7774
8724
83025
199069
105327
172546
186454
201893
40351
196456
109146
201831
82425
124698
135532
32109
17516
179824
61842
61655
196518
65992
186953
63591
43117
148994
53262
164614
170253
85592
75683
47791
35909
144925
76543
157897
36087
90685
183909
63196
59630
171848
75085
89573
197773
53827
48137
218449
115144
165279
9735
42941
165430
114668
95261
161783
129935
143515
198706
110703
162562
2042
20883
148469
102955
85811
163832
209858
189524
156909
64995
191542
193393
22250
29358
119730
200836
62081
187320
113591
69368
120519
103247
192938
85802
80462
121235
65514
17619
2069
137917
140192
162994
48050
176663
183590
81211
218013
81554
125033
172375
142973
75834
205598
145896
114448
8430
65442
40241
164331
98753
28846
146144
88389
90171
121505
35972
47549
125143
86538
60157
101933
12976
131781
115266
49079
9306
61957
121508
5684
100486
21225
95106
85603
60316
118130
30297
111177
122796
156218
160696
208038
167248
119508
3446
129152
59033
104108
218716
110777
104198
145915
151421
88228
203220
103475
156777
165137
32254
98726
22376
140003
189378
70244
175115
80309
64347
82667
1716
142121
210501
71225
124735
149670
184350
212304
99629
18134
81000
64354
162993
63639
61117
148384
180425
193488
153
82361
52022
142547
124793
1035
133687
71363
79285
119369
62952
13038
186345
110520
143650
19070
175407
153069
173351
20839
47010
8665
147073
17556
67813
54294
201568
207708
76882
78702
67677
134431
109113
208876
160526
203290
23742
77551
149114
112199
128120
32166
211597
80156
51993
144417
204256
31148
21460
84661
156322
172108
133417
181555
198771
124502
207190
155322
165071
93777
184280
181369
78090
14384
63770
45875
179928
54086
172699
119803
189919
30726
180504
58932
135905
95558
11970
38978
163529
159866
152829
158373
85993
100609
123450
106611
149258
108616
193448
91286
180536
205774
81321
182270
114471
111465
93380
115262
4539
74629
83863
80366
43186
36873
115475
31617
69385
118103
33971
35903
166264
167617
47594
154949
161361
124768
114311
149885
147071
130847
198239
57842
5149
6152
33927
24324
166083
202557
117732
129689
23663
171266
116885
165201
211381
37755
34326
151799
7516
55026
176151
107375
207378
210652
46641
148837
59485
49994
3158
164007
143842
15245
13263
70419
175068
143130
62125
189147
119557
36462
27326
27714
112823
28816
211242
165423
47680
218677
190643
151232
192882
128444
47567
94089
142756
69904
171911
136858
4615
177010
45001
65261
184225
135108
198800
144889
11522
68274
157730
128959
119636
51656
204340
200721
73882
191531
86409
129600
54947
94374
212331
132088
99536
152656
87569
178803
13157
85092
106464
17347
18950
65758
164266
168107
105051
78938
28656
170773
92032
89308
180349
197282
94619
58643
213397
120310
60641
61951
197560
121094
203044
29617
167227
189525
157001
108157
5609
189879
197379
124316
96246
87363
67948
152296
61846
80023
141938
99364
104998
36717
107631
33788
170182
49648
126637
48828
115877
22064
204841
116931
2976
180060
198195
150206
193145
154408
147396
149585
186889
188536
46966
59346
65183
210731
128809
64868
61903
157149
3294
128824
73494
13958
33615
134167
187553
147817
133860
123471
17701
65797
73590
49165
18952
43666
213370
84306
195561
127649
11448
42227
210515
154649
213303
41654
23881
176660
72179
217816
114515
125563
151628
90227
205820
211785
86792
41488
48387
179165
89417
89082
158556
198843
22288
89554
114063
123982
33027
78550
338
121528
79659
197441
45224
134341
84352
154896
171121
184580
195616
67567
19460
115880
149203
199065
197618
10449
22780
111678
136671
121847
185653
96781
45826
208002
92131
57249
26718
105793
84978
50866
129823
98402
121624
57698
459
167805
59797
41069
145585
137609
74387
3705
154688
85121
125585
26959
166311
12713
192862
195110
122857
85003
26717
57664
175547
134083
173281
216980
107863
213837
167560
114144
103546
150769
120896
172362
73447
82186
183085
206520
17331
165472
127808
90377
89930
198441
142145
153565
19049
145149
108581
110738
81289
61458
139200
80645
149472
210075
76320
105751
207562
29189
23344
184269
11627
143483
57085
13117
96709
45369
24878
168382
162204
62057
163849
104164
138877
149960
94541
87448
53698
103010
214754
167854
20467
148404
123694
111413
177388
4949
188726
52613
159840
3296
92581
94832
32736
111141
199164
216344
185270
115071
8656
79845
193059
28876
206863
213292
42311
200161
46007
148138
36393
190933
58197
21588
156171
193566
167555
41976
204727
77012
208229
429
124175
6064
66862
128748
21646
160229
174205
158732
100370
201008
194749
205404
202390
19679
1742
125564
26814
95176
50322
155719
174267
123670
133434
106611
168078
144331
33021
3152
185091
123820
135172
103524
166213
52784
39937
53166
150465
199020
125143
15865
157221
45053
208623
170119
208438
6536
138300
171077
101858
165878
204701
49646
176722
187466
17108
80644
111143
206870
76706
161013
86814
208036
169643
4420
97579
212357
194360
197152
104020
38947
82665
212868
27139
149955
111668
15417
212197
204844
138693
4224
125477
176524
203514
108299
162501
179385
76380
50977
49283
28942
9579
28583
111619
200124
195610
118295
174967
115637
217083
175456
60801
124377
184108
110292
76872
185680
89242
200969
14351
82537
993
145065
152019
110199
159206
139160
136418
3949
155743
40607
157034
209491
156129
206935
15788
175662
122934
115784
189388
42083
149161
35066
163096
88824
212096
78814
145574
4036
166809
76974
55206
217368
57498
121717
178135
217209
177014
75184
114283
114396
5947
17404
74788
460
218775
174553
6153
46202
203292
118059
7327
84071
37109
198741
112177
186144
60841
117133
211442
62239
200707
137052
41676
120764
162875
96578
62159
139693
138099
145367
20457
100800
72519
33221
182793
200437
150423
126155
36407
58894
73173
207868
134129
193537
208657
55669
194391
85251
117258
214826
151791
166574
93584
4665
201895
197804
139191
63309
91581
68748
176414
57056
183040
108984
49405
42817
148837
169332
156443
30883
106434
97922
126602
165483
124974
172956
203245
216616
76396
213752
197625
146431
91549
161635
132175
10350
13463
7366
10240
75861
14391
185681
97113
167444
123547
44102
192117
132998
116958
80037
46815
53660
114829
197011
185515
198375
131466
60821
149686
193484
200137
99404
148218
120578
216753
19734
98271
8258
154973
19226
194030
119631
206354
106582
176471
157568
133982
164050
162846
83784
94716
27091
85847
178218
150399
172639
179888
202286
110453
26284
141335
99435
139
63849
159528
149392
39821
31971
184544
16414
97078
150753
151989
43030
97421
154385
50278
117888
170257
71404
205700
126702
145761
54769
146449
88073
200334
79564
84613
36021
97317
187063
92046
158431
53515
108242
27656
38111
166999
73047
87434
61093
188830
197219
160147
99921
166211
122679
76383
116072
159217
114508
127108
156279
38780
84533
149259
10885
77151
62083
186734
66416
44768
177268
14792
21959
70452
66473
124106
19069
205554
84112
17772
73458
46462
25099
215134
34160
115846
131164
135866
20212
10096
129971
8479
37136
79766
113461
126895
143067
201909
4036
187063
63619
157041
125930
40854
101649
140350
183002
185399
35259
34727
129974
174658
76555
217201
26037
72012
207525
141180
106804
73989
89461
131557
137910
79614
97797
39504
200312
46482
96909
42084
10668
145272
208796
97580
555
207848
200221
104807
34881
12870
37140
141147
22253
187626
40285
135609
80564
117574
138576
210225
25623
189180
184611
61455
178072
121154
68912
31225
81955
116392
81011
61014
44691
109444
48672
121611
189924
132878
45534
209834
9692
67838
24932
53003
91321
58985
4026
154725
133209
9912
179350
99940
97961
151323
160943
24503
181992
17573
142207
179725
158451
130952
162129
208576
183995
183732
66186
120289
140947
107413
104335
109282
218262
161328
135091
123696
125902
130151
137394
19355
108650
172944
163113
56316
87875
205614
109167
47064
53442
131922
64656
141855
180762
97840
174502
107854
114103
156254
52804
161081
177539
197695
103833
114920
63933
165825
109809
62466
131153
204427
9776
37008
50295
16340
141445
2504
193263
195826
128223
26599
139861
202067
107761
106061
204855
74205
148455
160921
84912
43885
125813
203188
68402
198055
185867
94330
9437
161937
157261
197482
158005
160296
146892
140621
120211
81570
181179
60027
151824
94773
140860
91229
61317
147118
14907
102722
201360
19901
13312
68634
178067
198981
64803
36942
93816
67546
206275
136083
95986
30167
210303
177787
29111
185141
209678
37593
13109
53789
81262
188161
187606
1158
63049
29758
51300
147044
161782
11942
146251
211574
97507
23564
209804
93946
45752
179109
185015
54980
24952
14149
149099
26745
164897
120081
89137
46605
216050
7763
104222
113224
157166
171055
88994
102018
174075
125913
57595
38435
48353
177037
212730
127746
3928
69159
172604
209734
173563
42690
83136
200098
216993
27744
122098
68961
104966
105520
78665
145154
109681
103782
187379
195535
205813
9615
205547
147571
138620
96438
172558
191106
5324
14871
165480
14570
146390
9871
5043
199306
152720
175871
60448
75132
102236
77011
139060
109370
64146
29975
30210
132334
211101
195329
86101
34127
136873
113746
211729
111065
197649
37547
914
32120
101960
86960
118875
186681
16706
137605
192797
121870
109364
98838
84326
136376
8657
215067
187294
127860
5559
134639
168202
67429
152960
179067
169165
101705
155751
90752
161381
119780
194234
218457
173548
96138
74442
144943
174908
89773
65181
34148
38289
164984
17293
77320
204844
149000
170730
14154
137775
162320
175847
189939
60157
115350
177675
149120
131161
131626
12347
176123
169900
84188
181622
153144
69891
70242
180104
49754
204062
162987
128302
208213
159799
143536
192997
173395
161284
217183
115377
112100
213483
69586
177782
116788
217078
59294
203780
30609
102021
127591
37736
169562
191297
203847
156945
65538
168555
203346
203764
15858
127867
38330
17782
100521
135150
216716
199073
183899
129986
202348
186545
199504
148721
151874
74377
144508
65862
50400
164433
123513
140796
209752
147880
61626
27739
102218
82495
51908
160963
127218
172599
8390
174690
17417
141209
3762
83045
125729
47894
30625
176772
61748
214540
92642
55177
136497
162995
157368
82485
160772
131789
99162
59277
36228
61030
127596
100742
35310
198315
84029
114241
161705
115347
20327
92983
94311
6147
30696
47311
139377
50182
5976
103735
40008
204849
186327
82625
3682
31613
113197
89265
86428
10240
89673
187538
34455
146059
39957
116689
30998
200249
62661
143554
17936
148354
84153
113898
29162
17716
176215
204609
161655
71641
132955
31874
133818
163590
164325
104907
98979
72559
30363
204912
15699
218554
96340
117797
68843
161822
33128
20951
70071
131645
149821
117373
206528
9603
188149
183069
20152
215130
139549
25540
102998
108585
132330
199265
109118
190125
37408
146276
5540
51455
114009
143895
116320
99486
25587
9787
143367
94028
93496
64402
139311
62439
168342
27310
182479
78180
99491
62794
77436
170802
158900
78952
155198
101996
140662
163360
167547
16990
166006
24593
71981
62243
164442
136378
193146
146984
7374
191433
216843
60504
177980
102824
205713
154100
43522
131410
82718
112662
39074
134177
198875
135751
55593
15363
139434
8902
143988
122629
141368
143113
49376
3199
173211
164594
3453
104644
60798
186506
192057
188271
151893
128164
187250
158557
64095
42778
24612
22633
213690
23302
168826
104613
171189
197870
97579
14191
165181
197520
194921
122538
78328
218387
190265
57183
116976
66718
145269
129823
185484
170759
75246
164819
28801
50210
74521
46445
160587
37790
159267
103059
185020
61918
162449
162269
67816
75879
29401
194354
8252
103380
17168
158940
212134
84265
66978
165345
9642
202603
64424
7434
20303
174599
156587
196962
47337
112595
102356
183579
141040
57094
75010
203302
317
130233
176792
85138
51133
9890
145477
39920
190122
157200
127312
26042
179093
169371
16261
209475
148561
2014
162704
103453
3614
141881
4617
59720
11523
209902
59623
129085
118458
3940
24739
172108
113713
205737
142393
151749
12231
108804
191269
7191
25976
121335
214901
141281
10077
216032
56864
8717
30781
92816
38225
147765
158367
48898
208427
217193
23485
112698
19475
26847
129581
171368
197483
337
112982
187912
206139
127397
68625
63153
111514
99837
38281
51407
144832
4769
146691
195662
124076
72318
174919
111991
5188
178447
124458
128228
49369
2211
192632
181828
178658
32091
131939
125882
154969
69829
39302
48672
206177
51453
76628
145798
28759
50417
196774
179687
136993
1525
110318
97470
170272
130932
65099
36792
155434
77359
150809
149983
26005
1375
194874
120632
199668
202857
40577
133727
156216
25348
28584
1744
15548
12884
187444
138573
29571
29267
3964
172535
87608
129740
30662
115071
178175
198124
192785
3657
92983
88350
128331
143364
26131
144820
7816
206802
123281
63911
2497
8839
147371
126903
136083
181043
1021
113445
5110
26284
154781
69652
143245
196401
164915
125711
198471
156775
98481
90752
70142
189053
183963
133005
159902
10461
6587
154495
43082
118703
38117
62070
158757
4011
194324
190287
150895
175734
194586
155762
127164
167659
36043
91044
44663
122435
141279
174100
148088
192275
142601
45936
175271
103839
133580
7761
116486
157106
5867
9228
22855
124336
29933
204618
26802
77646
164486
8858
156672
178803
44021
216476
166561
10546
160933
113488
136346
199899
6414
99790
145629
96917
177571
61077
45919
76281
104582
125754
49473
13402
137751
9348
110522
40587
10610
197203
173794
78103
579
172482
156749
158104
87440
157326
2340
127498
106851
169059
80515
5575
64236
143483
165217
139480
181402
75569
174177
80830
123083
22161
182754
182845
1719
110217
166785
75492
15062
15411
135200
142074
10743
40679
175675
39498
39927
193831
198676
20287
168991
32122
123297
187081
67757
10350
97744
129866
74476
164348
26675
130483
90261
182329
34465
119761
117537
61928
193154
183750
107103
193236
217802
73794
187324
213147
84469
111405
56297
139073
46299
46789
150444
66232
19004
38444
191822
129906
128670
55283
154051
209126
151309
123395
46407
83909
165643
31613
87293
208058
176065
208696
76745
218752
156457
46379
142255
93462
177863
31162
134953
177787
113358
182501
145154
8405
97021
147033
217890
127078
176775
40192
62688
75455
63040
66144
162055
9632
178982
101614
195688
119985
15207
139295
200273
159110
113404
85054
184659
216871
130013
80810
167718
82679
181960
202102
181096
106466
190036
85495
114525
32455
170479
92968
59152
45863
69363
125386
182216
132585
81760
176354
9269
207792
211028
198345
28918
11424
69978
208195
99548
68014
129644
127915
214105
36950
190877
168763
27471
138674
205512
97258
210533
212426
199673
118209
207154
138794
27612
83198
99707
76341
201564
162549
63125
111345
114519
49436
81446
105819
34780
95481
209808
42871
110118
101662
69809
211658
215434
165223
68078
18531
211735
58053
13912
30609
196532
58933
141675
14562
20373
26438
15066
45824
125772
155843
5604
197580
161531
46605
85970
144986
152341
77013
118238
64303
201640
17736
99004
109278
175174
105839
86923
186079
96764
199570
199831
48313
124960
91709
78559
21245
187159
155703
138350
104201
116655
105754
26083
180687
61793
70336
149137
4275
184558
102182
201723
111678
165014
188380
117774
55843
111734
177510
29358
47856
49799
57547
83069
159046
194723
9839
109135
213070
100301
87000
134062
110407
42388
96407
184697
181893
207512
94477
166294
176881
195519
32649
23597
171238
164376
92070
82376
94120
173912
35720
145166
189807
165595
109753
171343
49890
87563
81113
88482
10450
117437
73555
6109
80495
65758
92287
201892
16869
128223
144164
172766
21593
93777
213919
80061
179662
176094
409
18816
6289
174230
155294
187930
170015
96102
203619
200782
22087
210515
75838
193315
155185
209225
41044
148690
124536
130776
217557
88262
95415
109091
201358
208316
14120
155658
65983
135071
194480
27330
80933
110974
91902
53988
154522
204312
13856
11480
54701
66351
19002
194753
136789
43799
11931
188052
185133
164758
195581
42313
132100
29428
15056
62998
196657
93380
36407
125615
16723
154248
215743
180799
175907
207979
54798
134605
69045
2142
16601
197422
115742
27951
116681
24811
154462
168268
202927
117954
78192
24128
125726
88173
119442
217829
133781
2732
73245
29000
31818
89508
198051
32811
33235
79676
58954
54200
159775
160156
202215
91963
84736
22270
131802
209502
17838
20785
147613
63470
140845
124035
200437
91619
181524
186956
7211
174815
199218
11830
95405
217134
173475
3788
210794
183714
19658
114364
63127
144802
31195
110103
89201
103077
63620
176152
64211
145183
169024
16334
12768
90082
146322
199502
20068
192387
43181
139728
29955
184948
128111
105320
114297
140522
164865
40460
199935
6567
192925
115024
197689
10762
218703
153092
186924
195688
197332
201811
116628
173610
189970
158189
106936
56417
61539
110965
63424
210844
17594
49050
60232
148402
105299
117174
107878
135677
208737
16800
204760
207196
204046
179389
93573
86306
103232
45874
129421
34854
59850
66474
27267
176187
183468
30759
7484
157518
200329
48510
195373
7765
129716
186545
148492
104310
19076
183319
123123
137129
189052
17422
86381
148594
67058
185610
196943
145651
80884
138397
201691
110747
74796
176236
201539
162523
124452
22072
195780
17267
144657
211328
187132
130589
109318
124614
146428
182804
39994
86356
9225
174964
141956
163154
173909
191112
163708
89570
115138
183365
43319
190241
34253
180343
201221
35096
143026
191307
4851
201808
46257
177646
110020
191256
205744
120474
72064
67081
12632
147807
147381
100504
78592
119084
176612
135557
93729
144119
131522
57948
177766
171114
98285
177195
214176
123694
20327
73304
181752
167777
9563
42243
5043
173261
61768
5441
165922
134115
68248
162962
21842
191723
69163
69895
176638
67146
207264
200571
190320
35705
87805
553
4494
58680
215371
62613
78217
6612
86128
23976
55126
156433
173181
103935
128194
149089
20566
97776
91263
135413
115066
19640
120764
89306
137318
160023
205865
155997
178048
204929
165439
37981
179151
169667
128465
212880
100594
7749
25159
48012
2957
149639
117230
153863
92816
144789
217720
44334
160859
37185
20467
7664
166315
172922
189730
105629
3039
79550
63441
156336
173324
71747
22980
37026
176155
11534
72233
84832
39183
129984
213817
65368
45272
172553
130522
127181
19803
111504
158704
73101
162217
83698
177589
199365
29078
6994
35041
4712
5636
211422
13261
28808
6983
152281
148891
2497
82565
98602
23383
134262
9435
23732
122466
73814
133483
195726
37125
5157
2697
28996
73302
2179
11809
121053
9084
77938
179191
156551
92736
56857
76353
165449
146580
126366
7541
205170
79731
126997
160108
123087
193792
71765
203497
47639
210163
194099
55769
33181
176915
11926
26876
164801
53931
42914
88382
130324
21752
127487
38170
91836
66662
116374
210615
209864
87169
123047
77970
77954
121594
123836
173969
48479
43451
30177
152562
148638
156392
147555
49968
175217
132279
127676
119254
175024
121062
199531
57561
134008
131253
139225
109157
34850
118688
163775
21584
76628
123768
169050
94594
137217
59661
159797
154687
8119
165479
17967
42755
186644
69153
27362
761
30923
124317
151073
120418
122319
197021
164625
15219
2196
8088
74848
213611
153195
63419
205763
79325
122912
23681
36106
171186
179788
18242
167139
179013
173535
184925
186437
185405
106653
177824
174323
186060
95876
205837
21386
53249
22587
52207
21593
82104
210702
152352
187209
191065
181856
130306
203421
217833
147284
5703
49711
10784
202435
63401
147090
170360
35042
145218
23598
56564
36809
190909
141605
175607
167548
18174
71646
15859
14105
162313
16827
134179
65214
78819
52852
189402
199786
210635
205077
163231
198583
198567
179234
94873
116926
157197
32382
172356
47248
79236
140921
61882
204325
175830
42325
80720
139095
103402
118371
130138
36564
210296
117478
155760
136133
93512
769
141946
124870
189807
13168
53106
34697
137449
149321
74424
127839
32973
27157
62570
162
38932
103310
195906
114997
64555
146161
201776
83747
15437
164549
170822
22897
147410
116175
90507
83251
123069
9693
48670
174213
68142
37157
210144
29778
132276
48050
211416
83146
132719
178551
89571
30222
169740
192710
61816
218034
135893
79351
176561
62696
157904
10434
15029
54200
160358
133387
169502
1511
77480
56204
201477
200987
169398
214432
100421
109452
167672
145275
28365
163832
27790
190881
55321
36581
98477
178385
65252
58264
180375
77685
2636
213717
190692
160610
158312
122070
190310
31923
28712
74726
111182
133434
181555
208323
201629
118056
142738
193997
212939
119253
52716
181636
56184
36641
86995
11455
146462
20020
210446
168651
197550
50351
143057
73839
181945
50806
205134
12957
13249
66474
97043
156746
192773
81682
211490
7205
202792
87569
68231
22599
118827
26160
203444
29606
200102
152219
183790
132571
39793
14567
81133
173310
75173
165822
110999
210106
54920
170266
181880
138106
53716
130338
62539
122801
165665
87299
198616
93031
217188
13488
51755
420
61433
91230
106435
190943
30815
73331
153927
19878
177876
38378
165651
192342
497
204261
3963
136775
183731
39392
81116
134074
72092
120891
214031
68442
149641
45895
194396
189484
119096
81767
83926
43495
132767
4409
11122
21354
202001
178638
34696
2196
61825
78665
192483
130701
95903
153215
12992
115695
110333
92682
93440
50973
172699
184295
199658
216625
71741
79907
85646
2312
149294
210726
31812
206354
53160
81091
131116
122962
141943
195313
61181
166224
160065
55494
38584
38032
4752
188505
16653
20116
189898
18180
16328
98166
155155
52233
127804
206301
173644
173892
113669
106971
71932
79017
26873
209400
161027
127678
158824
216272
2319
117017
18892
97359
101109
143266
62553
201023
141002
201229
61700
15444
209833
197991
203632
34591
79768
203011
81718
214742
31366
184643
174385
192113
13060
35784
123276
133234
23969
83251
23421
173313
162735
30083
217336
105874
78023
148389
197811
26235
217290
46243
66893
46829
57254
127988
126231
81402
44549
16528
194183
130090
9899
31787
8128
8332
92717
71887
6032
173370
191165
132958
63624
216296
103908
166139
15081
47840
208165
62910
76948
118632
177094
81850
93936
80189
107754
81152
96627
59014
173856
80443
116978
26217
45152
109262
111602
182047
125747
110950
104704
7029
198052
150399
97764
10848
151541
99469
21254
191145
193428
3130
45102
191623
180575
98666
18761
191876
213222
117797
43590
148375
161959
121694
202917
71190
178330
152107
42864
179368
141604
121001
5836
3303
104381
14918
160675
34164
69669
210642
65127
82965
58022
156804
25861
207979
196836
199813
183573
9725
176276
156197
195163
5312
199709
118135
158183
117730
139261
38813
202122
155757
96732
35725
59748
150926
634
87293
127248
184962
155039
131625
128239
53495
179871
6346
6914
203681
10610
18641
97761
121943
1681
1030
17586
181360
164562
30760
85046
180203
46675
63417
75706
70700
37212
2613
161379
108428
102582
57737
159048
171920
36276
60449
190194
44876
43178
53791
38073
5869
35458
176288
195971
32597
212331
126984
138813
202227
92319
116715
16781
28528
140233
153085
125775
212808
129494
51312
106195
12122
146872
184120
116789
12138
92738
34450
162058
36373
189939
10547
38788
65277
93225
68151
22052
212875
210160
203502
138456
35856
30974
48645
202290
6705
4322
8530
217939
64938
26808
40351
43842
35523
210975
29322
32856
164793
181581
172803
192535
30171
69984
11596
4478
77543
141150
147550
57622
64959
73912
150664
163154
116114
66401
207688
214701
76648
2082
93738
178891
64413
31413
23732
145646
217740
33813
24587
37363
129500
66841
90957
25195
57628
120038
88762
108381
124960
120001
213533
92233
138404
18275
213644
26336
71324
81453
69289
209300
147408
200527
101198
23482
80925
65408
81434
69982
157552
172356
215088
6903
123087
105248
186907
196938
80788
37515
117474
78329
57295
106118
10770
62861
95030
104292
210574
157507
177807
83005
19813
135083
193880
13085
87538
47854
186092
163704
47327
137208
163477
49996
75613
170133
98470
156063
172560
192474
111680
35001
125841
115223
32726
10713
152228
196696
153713
11386
5602
155820
135070
135695
7792
166955
22692
177262
55868
207092
22865
123081
21800
185774
175512
211733
31813
86003
131329
34987
144484
99715
201024
37255
21368
195662
18239
198904
92071
205993
50132
192944
197989
149846
205002
22719
57386
87426
102833
65337
110187
218767
109137
5460
3845
167499
81748
218125
118116
5192
168924
157565
171996
50612
14536
122136
197184
167952
126069
159636
1237
136783
217264
165427
580
19729
110570
218677
48050
84438
15504
110135
218544
172486
42131
163832
140501
184734
126947
169469
179870
203358
57429
120292
201205
11526
32488
9358
212664
57959
18629
16990
39881
134551
147312
141164
207454
97409
124092
140340
213426
44120
136327
24612
177060
192690
69617
85287
17754
5693
80729
13295
94519
144882
62613
172708
110470
15682
202688
110939
147432
56616
45511
121965
159387
215134
162009
210904
195461
143455
141766
132858
163179
76944
73445
169309
590
158516
192040
69035
98034
769
81067
22426
92544
224
100869
189954
24401
102763
113032
82625
41677
17595
134623
88114
181705
9243
84754
148009
24695
138683
210162
457
216474
132042
212526
77398
27267
137135
83733
117797
87528
118524
196675
188966
14469
68737
158131
183401
89477
51912
208089
186382
141134
122685
175796
151430
26549
203300
95319
172285
31924
181323
198335
33358
107769
77806
83627
180140
168330
143348
77240
147835
206496
7158
56694
181281
168839
5235
5680
151703
139802
121062
81449
179140
207728
179083
68735
192705
53692
218301
36331
37125
27926
118446
95631
44500
143308
131322
194232
169378
54933
109979
70079
168553
86176
179028
67390
150084
164758
188579
211406
95193
130603
157852
118337
10700
172327
63520
76481
19900
151529
139554
160997
27450
215366
193740
56449
207615
107769
27941
180687
54646
192337
125924
201017
18412
81763
216920
135604
83447
43393
166370
185957
32472
159956
171917
149518
30772
195367
126873
19388
37457
34879
146736
8414
194632
163858
121985
29865
189762
165568
206048
97380
202697
27807
38563
211077
179536
194560
27292
90189
198198
11521
46082
20485
162454
208511
199165
5587
189230
192412
142117
132788
36517
51303
119827
164191
4770
3516
47687
110376
166387
19261
215114
196099
166885
15314
120960
174339
21124
68129
60916
158937
149509
159723
40731
18503
136795
21459
36436
216017
42560
213714
507
20555
204736
177489
117297
186567
106337
124753
165930
201196
23407
83912
160666
88080
21723
81803
197862
114288
163272
186741
169352
158029
52083
163104
31322
131298
143313
101978
172255
210027
175489
108448
108913
38585
99989
10537
135772
210198
14578
47001
17395
32344
180949
61373
191096
213347
202742
142975
161340
128552
60777
160119
164372
125608
36347
118563
133175
193087
119086
13651
185311
140421
110480
140003
172315
42313
134879
160651
178628
139563
76414
172102
177498
183154
189664
50294
163757
109567
150310
46683
218635
169478
151042
76860
33553
6638
140819
166212
104087
77263
146784
194755
175937
7686
186292
4175
166678
180343
92840
206144
21766
82001
110721
106114
156190
105875
131797
181514
17880
20507
62432
211771
105897
158354
135676
46061
207126
21866
101122
128044
178014
50105
105908
9908
213406
39416
112171
199483
200151
101045
112447
67776
126436
138978
164905
155143
43031
136760
154465
153199
175907
160061
146058
388
183555
192340
51647
141413
19959
210635
146461
194108
63520
195632
99757
204908
106455
17025
84391
90919
98338
181903
196645
49682
66795
83661
37043
97633
187739
178615
8405
130248
186517
158348
149299
205996
35331
98830
12144
83058
97589
8412
83311
2719
199190
60931
199060
198341
109740
57336
155666
104005
122504
51125
107381
139941
162615
87086
97802
145977
163371
161330
60563
101473
142213
116883
163226
133177
187540
189094
155360
157002
79942
81355
115586
111169
121138
101395
123627
208979
217598
13993
32348
8416
195313
144846
3632
210534
168509
191158
2097
69873
45245
124093
37687
51004
81516
18949
213945
17482
153514
195092
172271
206317
147940
177672
61838
138994
113662
92926
101957
5648
22775
12956
184583
167637
209551
62576
45365
28792
26351
129043
190643
68561
81404
178445
29753
148103
137639
152132
126752
47406
138037
205316
135071
122805
77015
57099
63877
182266
138980
29916
81162
200679
203474
195618
164933
161477
187754
137866
130002
29353
177216
157161
103862
36613
10096
154363
213397
35264
20247
173021
215778
43209
103202
33909
126532
96416
179344
36341
66195
67646
192168
53525
31390
49259
67194
151046
24661
46681
175778
152538
100810
162505
81586
129164
93627
162925
170213
212255
13146
128457
116493
98770
174956
161630
215087
71184
189191
36979
180395
183363
63157
50498
77628
164801
108730
141699
112973
28755
148587
192887
55907
131068
77627
40849
26791
43955
49424
57814
18748
188559
88497
172143
111712
121674
187211
119877
164457
172609
123329
21489
155682
14455
177280
32504
3277
155758
87145
136396
129964
148078
34516
63318
11230
104585
130334
131009
23823
44071
32531
22030
41952
6842
119369
175489
95903
131726
148151
150516
82157
99012
56812
6843
199174
205139
23931
2974
170601
121340
134928
153074
113460
11065
138237
188376
207045
62553
108250
147950
68294
49008
55992
196956
212627
27897
161832
8857
146793
17114
208147
298
30509
197396
32801
103886
112560
48400
91026
25124
14687
115118
185422
172544
185507
109299
124922
154362
50284
146160
108316
198259
20898
38687
109781
162670
125793
135005
194692
209093
205922
100170
14192
198261
174788
73347
217635
18521
133369
146926
187679
211849
215098
74575
104061
174202
10882
63577
164562
58509
185152
182534
202382
214485
25522
171579
139903
63127
98481
192429
44646
44205
57132
98703
48124
30
146512
97560
114897
133359
164694
214632
155913
51541
135980
97962
71285
91282
34285
218657
42885
129105
56896
47602
95512
97874
36645
183565
173670
119138
80625
120630
170343
183065
193371
165384
10628
54504
91758
43762
48853
64
19317
85929
21419
32229
205932
67852
150584
149160
215355
194059
106981
180517
178539
117760
114681
150671
51902
35257
159212
6301
107537
101770
177669
120492
197370
53222
161954
17875
32709
169685
97883
33795
124060
120253
117495
79209
49620
153621
153811
68403
83455
125677
208025
177630
204074
30284
36222
92887
216229
7996
16273
150023
16145
111192
151926
103963
206515
179550
182549
171334
2420
63468
53754
26243
137487
191071
156828
90841
70203
9760
93237
79520
63495
204233
217009
20338
56805
124956
89556
203295
55733
173106
179453
211504
561
176065
47550
5985
44985
180979
159530
137233
29960
196665
22925
21374
148512
162136
153147
111580
87514
1706
12549
107558
92927
99548
90011
11822
86178
50782
161287
74942
21137
188597
103991
30477
41782
199314
105940
90011
162626
25805
78866
188311
151982
280
41959
50700
30930
28517
177812
67100
144408
7257
46706
171729
151140
127054
183750
163095
124057
31304
2206
108884
175355
93464
44175
157552
51876
15479
147132
35589
154256
169384
26039
70113
9520
197200
43574
113466
218155
184344
211323
39108
190111
162968
13757
17184
197979
164338
57830
171273
48627
203889
17973
138167
73401
171894
121588
124631
192585
135770
173095
140345
1121
194380
39743
116978
135197
118866
67208
89769
3500
13571
13525
110106
84128
196327
43398
118952
81692
119716
24145
206357
12713
32605
74506
89693
25116
34064
169059
216636
180493
98877
182167
77562
157134
49863
198043
33648
33023
74140
77984
68447
101889
187285
191357
69094
156350
132323
176338
8212
128684
26001
31992
61348
49133
44595
151691
191040
53670
184891
150461
162950
149374
158237
175136
145290
186005
98202
151549
21677
114605
65891
173310
215242
82862
215078
30099
90884
6460
200968
53179
115012
105025
102070
201571
164216
122588
48553
152566
126376
33621
187474
79500
172068
81765
123875
62790
149693
206961
80767
25223
46256
122559
106559
211956
143499
31910
181163
49160
205909
59516
175074
57669
111587
72713
193564
171044
65773
174591
77613
19448
104280
86620
147988
102119
117968
6800
18183
156112
198441
205181
181145
115847
52460
153360
40908
37727
150777
152327
25004
155126
2439
9186
107058
20836
203738
156873
4550
11476
138561
167140
11655
123137
91180
217741
17972
3852
22933
163372
19745
157673
169522
102344
117789
126883
19223
150424
185541
144851
138548
68212
57958
181443
93147
6156
163847
113535
155267
37637
21546
116586
172264
96138
213301
216218
129714
119137
47256
141214
169581
177788
72215
113006
210357
121119
124622
133463
97818
189382
461
172580
112962
209191
176172
129161
66212
11336
132472
171662
12188
126098
48198
143735
102190
25114
58575
74593
8235
76050
126121
6171
203426
137863
66620
41613
136118
125116
13686
39119
4754
67479
101894
84681
80684
109090
139321
26782
162998
6934
182742
144872
86840
5176
212889
25362
169001
180659
90493
20036
5231
63235
47444
93919
81877
38263
1300
181140
117137
195337
144772
175977
35655
131736
73115
136828
176682
134233
62875
126293
107355
59536
142864
62077
85809
137466
205954
154318
171274
169166
20334
204224
28457
109351
48262
201750
210490
120542
68411
24807
78250
122039
28588
71411
68687
136118
42545
164406
1482
169366
138914
140482
85760
26495
200636
66874
88057
89200
178765
178884
218228
111200
69217
176660
216025
3472
33668
193224
218746
140907
208842
167324
155120
144108
95726
35361
24888
151246
65971
80682
141621
152142
175088
153159
150536
1982
131815
62052
161615
179704
209120
66261
118362
119552
60402
46027
93644
160553
15423
141750
170583
45834
196691
210121
162534
172357
29919
100675
123079
99837
3480
97612
26483
99155
218220
63117
37708
62592
117746
72077
111004
78412
92589
33693
118143
213588
5415
184937
70228
19456
132404
14133
142456
211711
199627
9941
181223
565
77150
19658
31631
179671
142970
129914
73266
120754
201159
35782
190129
73972
94322
96018
92420
183032
111599
144358
89293
196904
166678
156104
51562
10811
188632
198199
23345
182265
65405
16519
123942
215650
152907
133976
18540
10129
37361
164265
202970
1474
37109
103834
87677
59475
31334
29303
164880
61846
108473
40958
129271
15309
49891
11278
49933
104443
133930
38657
24545
44310
21259
87940
171370
133016
64026
201255
34925
4865
154713
27951
172007
108890
154762
6170
216461
115454
212534
38030
53732
50338
212839
167440
163610
35748
148525
126124
182258
34293
196120
153092
16018
56839
65496
9163
3768
170712
91819
217909
79159
133158
155320
117832
24858
156968
144936
52090
62515
168542
137749
145290
52293
122399
195438
158716
48895
24478
98402
143478
192642
7921
95987
184979
10272
121557
215599
89729
114522
4333
195244
129195
161923
79098
28459
63386
218267
152658
121811
9293
76843
167328
1982
90551
38996
40551
193457
93595
2547
12269
41847
158377
179998
216914
169341
48694
121302
138240
87122
210441
3327
84125
89207
106542
19574
172113
103522
177292
190280
113940
48411
134008
137624
39632
51247
51902
3252
84604
172767
204231
173400
160180
205031
94518
122011
160953
102641
37620
14637
124906
113020
85831
53259
113874
28361
38058
187516
103207
23655
9640
112170
67024
162403
105551
94873
195331
103562
46023
111948
43759
38432
141769
81248
152250
149850
13618
109058
113314
129716
152354
168761
127787
162089
157843
140574
159402
26217
63786
19951
196154
72280
150868
33721
189246
91267
192543
50183
101573
78546
190659
119072
131859
138265
167543
69393
32993
60960
8153
9518
171464
215446
211852
203228
150116
83026
34889
145283
65372
151355
55319
106538
136999
33735
214153
85709
213551
200802
123712
72961
13338
153414
141624
10567
181992
52049
153637
67879
209764
142587
58674
128912
176923
56668
61978
92581
165201
24521
43392
142645
40013
16993
21386
178568
24189
131996
208824
199708
199596
36341
12284
50047
72100
23105
157784
202217
180318
75648
173830
202749
217815
122034
81414
192936
209834
41972
201019
57254
70871
195928
210601
70310
125806
5216
170436
153392
14409
75351
141624
113557
92319
207103
211820
189929
194621
119968
121271
64376
176445
172818
84789
62917
213374
141970
178260
20594
133530
181323
193865
154967
73022
48247
114728
117923
139633
71167
146233
167056
161787
93666
7863
89860
47024
197844
81467
113366
161380
215312
39952
79681
151946
66560
30785
68837
24904
5966
213453
122946
81349
119509
80215
2805
87570
180211
167704
184086
41200
152477
152008
86995
217602
165508
66388
90546
26644
42559
137637
207528
206087
168078
1722
37140
197520
183528
202035
9637
209656
209100
22081
74763
26012
26078
93946
84933
72456
150297
70587
211800
86605
60736
4965
118731
24166
156109
102679
202926
22278
160333
17933
149793
175880
135404
173187
126182
190181
8210
150781
125964
131363
78377
123122
24500
53949
128693
70469
158218
71397
101054
176100
125307
208267
5436
57086
18297
51506
81789
173400
180902
189505
87755
14566
205071
202884
7860
152058
35259
189227
71577
122741
27447
61567
191211
102182
2991
46678
160230
142083
79477
212324
67350
22977
178927
28111
117985
144533
92328
5427
106980
105449
65519
167499
144125
176992
40093
139212
3755
126622
194406
184822
94328
142106
32681
154396
141866
56856
18886
189002
119697
6469
184589
67712
163532
64179
208876
41886
96732
93754
74285
122549
62008
3911
24067
79665
47442
98441
13975
23783
202491
44781
138391
62470
163449
82401
198872
103111
217040
10743
574
106121
91976
207700
10931
191808
129953
27116
126129
163508
18922
38584
31681
114920
153398
163441
56921
177692
41780
70717
40446
134466
111617
29579
175778
123427
71675
110191
21066
111434
193769
152270
13873
13807
93921
115867
184433
157280
136216
216782
17564
186260
178642
154702
103438
87241
148186
38058
82260
162839
148561
66879
114615
176131
81089
154795
156534
215240
201117
170059
184345
201693
197863
170753
147607
192932
99621
20627
106760
71869
86546
163955
7883
102424
185975
95210
34217
167821
210046
83104
190390
181780
208444
79833
101297
191109
215067
20259
185501
3281
203513
126220
183140
3480
84875
50614
119989
126459
193035
174917
159706
153853
58913
80618
217410
157736
202024
28518
89290
13859
166296
117835
2766
95823
124075
217392
169625
40085
18249
116220
193250
40084
453
181772
201786
91515
143588
121094
116327
168418
97986
11152
130972
182633
23246
89883
59340
68982
189576
81039
136517
179013
184891
122998
13402
117999
202922
21969
71607
20748
36025
176074
97792
50807
28567
109187
89835
96650
170493
76874
199611
169508
166342
75213
197392
193189
218025
182635
60945
66669
145159
194723
99698
74918
136770
206524
106479
41654
111953
24831
33418
114534
208268
188219
101811
522
164085
100288
186339
69904
140969
192138
158335
38526
170796
201060
167334
43864
126614
97482
135893
8346
210511
125528
100295
10655
14340
79882
87381
97200
28592
23342
120302
130287
93403
205077
150670
33316
14438
211457
143650
183137
72
97495
207110
48228
16430
211316
199780
176324
177986
106309
15612
74338
57606
183467
53754
88937
58526
155368
35051
193675
199334
97661
31064
24744
124793
98054
45158
38062
149660
185126
185239
132858
164857
175205
121848
27187
136576
80383
185197
6671
18007
154103
182841
103172
39502
92112
217172
182584
172029
93199
218159
99944
147842
181788
199255
4691
30761
154649
173351
170388
45124
140444
149361
200675
169447
77419
177031
6912
58104
189106
71442
119349
211541
59307
28031
207204
121915
81287
156054
123184
112349
4409
25774
28478
184674
38018
122064
107663
72456
107111
206319
198680
155321
205975
58944
145738
87860
2269
141735
203022
150800
160964
78076
64737
146822
43818
87648
151623
28641
165237
171352
83356
111047
83771
110563
208802
126543
42558
216952
151543
191998
5465
182436
150415
194311
16036
24073
124019
199487
158582
58521
65563
155336
12868
64832
143157
118071
202318
120069
65705
210239
198847
80008
86932
60057
41431
186997
124907
111103
84891
38070
213375
89519
98054
188611
133434
1396
214591
84442
133232
43555
178787
168368
10880
204736
202656
44973
157242
100773
31036
161010
170479
128100
47345
124735
95695
189083
159856
79519
151824
178116
183230
98626
69215
67856
81808
122674
4754
191942
185626
146990
24601
202136
144468
200532
58187
35824
17372
163741
126254
85773
210314
82791
23923
118187
177704
14662
196792
152645
122950
2060
155048
9406
31127
181903
194650
159910
212884
21904
51275
37327
57015
176674
154191
173726
93989
102051
112161
96241
191445
23733
15631
162602
95907
209112
23436
20251
55699
74652
129673
73094
35966
128468
56626
186336
5671
118295
93068
144503
145434
63658
165158
165005
105619
45392
47518
183510
37387
204865
187346
75546
157036
188191
75767
215864
85202
215645
7211
103075
198079
94790
4878
122077
68248
115556
76320
58346
33844
23508
167097
123038
162137
203621
5440
183131
54293
190669
171900
73096
140133
202176
131451
21380
67084
22068
83744
74140
24719
215328
16214
59785
171892
173328
138034
145445
113837
155124
861
12524
128834
177905
118003
54263
202546
148891
83733
116601
122714
105098
57282
26731
84532
155871
46082
51245
148361
145351
136089
92535
203404
21785
118751
133142
4805
6718
148218
1210
2264
188876
177438
14149
148582
203667
162429
5843
204466
106473
82731
218529
100007
19355
10516
202616
153840
152419
3730
4613
148315
47510
119156
185061
37276
14301
49502
104492
132755
218710
78324
43398
172814
77334
19719
176749
134474
25214
201811
157093
54951
75897
64120
66063
51820
92917
202818
74138
200171
35449
129054
109965
161287
107693
90368
192806
177945
179071
201729
202302
186003
182523
81458
196321
24789
69915
30367
4736
160839
125656
45695
31460
11501
13168
124327
196778
83674
36969
108225
97331
140249
62541
133794
205243
80969
48288
159267
111133
79615
91655
148877
90261
93611
213133
183583
56054
12610
34212
111670
12279
126525
144415
180590
14388
42205
216473
212409
106771
140613
216399
211406
88810
197229
96706
156294
45713
11913
17096
154475
135197
93502
161182
76860
209418
39992
114470
31928
88188
531
158385
36890
156877
29247
191903
16444
185481
166794
197704
31759
29350
168265
8119
42784
122088
211618
29159
119989
173689
186830
85161
6994
149840
183523
68088
78354
166801
89151
58988
100241
169582
12763
97970
161388
127872
6438
69619
217757
93195
18732
497
43399
149366
175493
111363
107378
88989
89621
125737
199978
125453
184734
13530
37438
9395
212101
23553
102121
76521
194983
168649
8330
171666
7387
135829
195868
188755
7798
155445
217673
195679
212105
180518
35283
52528
183366
32120
123313
55770
65758
177454
73690
144072
58921
169101
61650
99615
43618
210979
150708
75197
19856
209777
170742
7417
140748
59427
4869
32340
56149
113649
12182
20201
196799
181180
175078
186809
47100
171535
74565
85586
12244
217554
138480
198204
90369
80450
175693
45972
126887
200278
190065
123362
95181
210959
205724
188128
187553
138827
159446
144429
16308
20734
98743
72433
92864
212968
77728
144129
215609
125450
116117
162658
163725
17814
100717
136802
71606
168078
3204
35857
187727
138259
166083
95373
40042
132308
202798
3806
133468
183161
158809
103973
115203
34446
98408
185311
205533
110812
195707
11830
132197
191729
101603
93390
209065
9528
18121
86789
136296
105241
88244
193203
24236
92749
128154
40731
27017
15523
66361
23087
23403
111337
131785
208460
4312
173164
37150
86095
76693
87507
3901
186978
171488
203698
114261
144798
137113
167716
166175
153595
203657
36307
155264
39687
211953
81465
152610
131090
173475
213796
200803
23063
95561
21345
133065
134017
184884
202327
30288
16380
99217
209645
206765
117305
193336
62609
70191
190458
115487
111914
156643
137868
179331
188741
153079
188697
89573
159749
110000
52248
166491
77199
64637
58023
152033
206648
6615
159504
191840
215109
211
88161
94231
71719
138683
86128
107300
58772
44550
99413
14316
70309
60285
33129
33786
210282
110632
172748
205564
133202
100685
106604
31285
45081
216782
66189
38649
187515
135557
211948
213617
135662
167732
53690
131633
9575
163533
96128
153912
157117
35953
147440
30803
205517
10334
144629
129779
68885
150621
64264
63716
190048
216296
16366
119025
197074
101881
104087
134192
199365
215529
192286
157769
20001
27189
122970
126899
166225
181666
159528
33960
146817
96567
3930
176009
116845
64409
14957
39375
154196
21794
84438
108076
148447
207949
113064
197291
59830
140908
211588
218550
134310
192916
95795
215353
40160
46527
50342
144953
22834
155308
127281
11852
49174
21150
14026
110535
7323
202306
30693
166426
176907
25086
74168
35982
87569
159561
33576
166220
147044
169872
190284
197884
116034
131785
95129
169984
83609
187410
134239
177513
156107
129844
197415
95039
11155
111857
101517
100327
90116
42310
184669
172529
65360
148103
4783
110282
85253
6519
162741
34707
185142
39430
213379
169752
143459
1874
148639
136396
168676
106181
159402
161946
37035
38592
77284
93593
162329
45856
214535
99848
189028
78444
206108
128675
134443
155711
122662
151427
127348
136491
164958
30235
149610
98309
168349
24243
162328
184630
31665
53489
47720
144566
126936
155207
126106
123431
88574
34504
216980
49136
16798
45449
76065
203295
57959
11809
103922
31619
22148
87770
144066
134842
72412
203703
17301
24737
218118
85717
58661
53292
61324
101153
45024
182503
138423
192654
189071
69874
57910
7481
32567
123532
202481
1647
63113
115880
129311
123184
110993
123188
142634
80915
23939
420
48593
54924
198675
63061
67123
157093
112300
34344
156107
94873
172286
33998
2459
99105
75974
168974
127586
64354
146179
1124
141543
166785
145876
198901
71499
77880
40206
29890
188448
10478
198895
96822
71945
142066
23935
63179
80063
135326
24085
178983
201432
193890
44226
121985
17167
111624
147952
3498
12443
153217
680
16940
102239
166248
28173
205333
105976
99420
151058
151321
115974
87037
157665
176157
64200
45060
123520
103195
142936
1352
202244
182950
137460
49740
183412
39576
129219
171970
145
5977
207439
50904
181161
7211
109536
122306
90625
203347
121997
141868
33722
167700
90917
147404
140287
189472
156513
210906
99168
22787
2090
34785
64819
88440
209375
171716
10847
120982
145780
119854
32991
134177
196304
115297
180795
71130
71374
149365
49586
1484
82750
46867
153275
133799
180786
96491
86279
91609
141303
73610
23348
41631
66921
105157
196533
158093
2782
20178
97449
101313
35812
109516
3539
77612
159155
100645
177886
152240
98960
148972
94975
86707
2377
186062
42426
129095
47185
84442
205035
176709
99273
76215
22122
118769
15654
210716
196279
149390
147434
149735
28008
63279
210404
22400
165582
137250
156353
174227
70902
59639
4887
202972
175350
25343
52265
216334
101433
131600
28031
14646
79463
78249
218464
66648
24975
116129
35409
195970
5191
42005
66603
20201
37366
174201
205752
164011
215658
188248
70191
162985
147520
190643
137961
198718
53874
75552
135449
187576
154625
169491
91064
139349
105432
14844
26521
177738
211871
33755
10875
53095
157952
177587
40081
103400
166509
3785
43545
196028
21384
23038
156727
3957
104261
115071
87691
86538
98786
106943
153078
99398
44174
134362
129010
131982
202531
21163
67372
56251
22539
27526
135019
196222
44906
82810
137995
93098
27728
28425
162975
161079
195892
141056
131259
70014
16057
111674
189166
76875
74596
193120
205218
136690
5486
162428
101823
153406
172060
149992
39178
111942
160969
142525
38425
118960
48484
122374
59016
192120
142750
127007
147754
191487
139509
23283
134747
96425
87021
104540
58346
38415
137129
129288
120312
114245
31639
168402
4482
201560
183245
190637
96771
182754
35156
113396
202659
199283
38424
25772
61689
99353
148740
33793
200629
210731
122335
211712
66481
198789
91617
209718
90405
62167
34804
119841
59785
25934
53079
41159
143505
7002
106723
59021
20151
167068
213866
201505
204184
210219
196872
53909
134493
91632
195955
18818
164744
1639
127809
171920
7390
175381
43957
215952
184914
154400
186512
153965
65660
181166
34763
77843
150696
68939
98710
63284
192623
46148
206543
33647
141427
146171
163841
44848
69409
40313
100445
188747
94021
8258
152117
126573
147315
41126
207196
143224
103515
125550
100239
60755
193212
87137
57320
136500
17784
729
107305
188176
83543
170153
190378
32544
24285
123890
25282
78875
47001
29472
164909
210694
192828
64378
174364
159541
51570
122647
125474
37551
57299
20273
5107
13500
205221
171906
146560
29737
141341
201549
38043
65107
167234
84619
188073
12489
125417
134563
22241
27327
59640
103440
96095
213232
210731
77755
192868
210694
18552
209261
201974
72780
176346
185990
155640
208696
114200
126549
205967
169157
174808
87942
27720
58895
126079
121118
21449
101491
2262
120464
42912
156344
17877
116905
5890
140885
40983
44096
152281
49172
198033
30471
102258
171863
37892
210241
183339
133326
153310
215699
218310
148476
55080
63049
204352
212884
131136
121563
201255
123037
187760
53632
188614
107739
141034
62873
182069
35050
6878
52143
123286
130139
24182
48681
185142
105592
157390
106430
1329
30445
144437
186077
160017
199222
217401
185945
180269
11222
37738
20481
144431
58138
36288
216344
110334
195339
216315
173094
154136
63704
217333
37474
182002
76927
117441
196050
209490
148078
147043
47687
48125
36981
211396
24994
76892
22831
138551
141908
191121
113748
70668
89507
127338
210052
6422
105268
501
175310
79685
56610
197042
69277
2922
47627
39963
47168
169581
53135
98745
215252
151710
175280
124118
215144
154027
125687
186136
69214
133726
158823
137380
35658
5716
196292
190903
183997
139626
24583
144438
45816
138278
112149
191051
200585
139215
183838
186558
58009
59627
23734
134433
204858
70491
209000
96614
206546
206016
118884
15001
66247
73588
168819
30581
70811
172623
70565
34667
125120
154309
56277
104251
205032
150625
191993
205819
178507
132864
205780
62998
198586
182907
70067
84049
181810
178448
60325
27116
198558
85196
27307
7254
26887
85188
213719
49794
167820
186849
83159
54334
17020
113742
52494
154528
145079
80309
188054
152244
11442
168987
65755
116316
69860
50084
74742
102722
89340
57009
217273
207511
211574
23399
17489
178746
136277
54625
15102
149257
108475
213081
160962
153078
5223
117118
198698
23441
170573
88654
155568
41150
131856
4639
59830
49751
63273
210441
95951
102389
2423
125888
93165
112344
45251
68893
31762
129866
72773
73062
101946
123939
153199
70957
128957
168360
104250
170947
85226
215523
180723
87195
6481
113006
128896
55201
154972
109328
155101
209929
131873
157688
132320
108500
176280
43430
142518
66528
81049
211721
49061
62005
15502
99768
192519
13540
161839
167353
145801
183
214954
22847
42267
92682
87883
142884
76668
161978
78799
213802
83198
151651
43180
80570
185311
177669
38610
150119
120361
205891
118143
178138
186663
3565
46345
6803
27390
211570
61597
209044
4109
95220
133661
182954
120658
45465
77422
148035
86193
105725
6121
174502
16691
11448
56652
194125
113811
128320
154703
58264
17396
32169
177771
202522
156884
25131
190998
45360
48276
7757
162487
202037
194284
201180
16708
160342
198387
93272
63996
106179
13512
157029
115844
3916
187303
194824
92203
115877
172800
78118
179038
169274
14613
163920
12027
139126
149194
159438
54991
207667
139032
214358
66269
43958
82767
78440
186838
52362
92765
131509
103171
15969
83694
13401
47973
119516
35488
163072
212069
95864
60742
119985
162640
64621
49371
186409
5434
101022
3309
142556
155680
149370
117085
29660
215758
129570
210613
139948
203419
90905
66786
84678
50100
153092
52596
112583
142125
158825
29543
75496
72272
15212
86821
42323
151017
32727
116838
12461
113437
75548
37556
29215
93994
35728
62778
75255
14992
8827
63991
116776
181249
62392
145314
16045
14821
122747
16313
204132
27552
70706
89720
77487
109444
201754
194085
6086
139321
199870
158390
93425
149072
33358
185943
32580
8163
4116
108276
64781
163650
159245
196900
73624
174585
11273
177027
186841
32158
212800
43731
1930
17836
61283
159977
87322
32953
200515
158951
45248
179551
86660
16545
194790
121046
76466
43218
162217
67030
210682
154211
125806
28587
185201
188326
189356
33418
121505
92291
5394
141209
157251
140634
12369
117310
44976
119764
165223
120557
208208
186170
64359
181121
50194
124177
174743
118025
102022
135075
133216
145914
183829
95946
166043
199919
160420
165991
187094
11584
151090
124475
127318
126995
3264
34068
130233
127935
59
94511
9022
115231
173895
160073
105021
202580
132077
185114
42572
190714
81836
162706
212788
9874
64324
4774
62885
193751
175729
77089
10289
45530
121766
108208
208925
96807
11556
72721
208817
63271
50132
27026
171889
26869
96128
96895
123025
86113
124480
193194
134096
122473
213995
173548
202240
29151
169366
177087
192905
163818
68408
49475
2309
208828
111387
143430
174085
97103
75065
197523
169173
161825
87096
96165
4936
193837
104201
152425
92963
199749
37255
108372
114214
83547
73040
139549
84366
7480
24446
157820
70432
121145
172876
191369
200580
58535
206359
56393
201699
47001
69677
165574
181202
128091
142746
182902
93000
17814
114582
94148
35310
157635
215009
29677
181144
197282
585
937
128758
201122
64068
147244
16070
153939
146460
84072
64730
198459
32923
217456
30325
151165
198243
20303
101024
217738
36538
191719
18233
142066
168613
154027
127670
68792
192623
136796
34847
89530
187486
210418
210890
163154
16525
214265
85745
9302
162310
116213
162766
32434
189189
66499
93707
128900
213893
83296
10055
112191
202782
149068
189506
141430
18279
143454
39572
90832
210313
122613
189637
164135
10723
115056
193661
95261
74078
118972
116728
97667
188189
13265
8187
55059
54464
112696
185364
25777
150318
189105
81763
164839
101708
184104
31206
201996
126999
178658
87307
206015
84029
180647
58180
27552
186549
2657
131078
52402
69488
173315
133027
79126
179880
125246
101164
142026
24130
178880
38421
93532
26643
75033
161081
214009
129984
94815
198504
74927
12919
195898
20707
5832
115600
176887
184979
2690
183262
15150
79840
14781
77587
111365
51412
206797
204447
137978
144559
65017
82497
199662
157552
92100
50074
162844
106259
113445
60652
140378
209102
164450
215524
79139
155608
83460
101523
99132
171640
153063
147911
32341
46647
45290
130600
137258
9069
169189
187303
96828
59478
95823
52269
15703
115371
91981
57210
14781
26826
37790
158041
50881
133671
177446
210878
182635
149286
11365
9015
45288
215427
98803
133199
134514
182005
147911
303
150508
46426
185548
69852
79609
26410
38117
83035
155914
38567
135123
155711
135346
145332
162166
27717
141751
178749
174580
145881
146759
99423
31552
217971
167836
96560
99874
123812
130404
202590
113056
41699
118959
100868
77732
132343
194916
199882
123051
159197
171942
184577
19279
191498
178231
201264
5806
137294
196062
171798
59902
202887
134085
96188
31095
145607
115594
105493
73078
2349
93538
26565
20621
208648
153915
189501
185283
138459
45537
66932
15272
27240
215266
194886
131621
197429
67939
49892
205863
123353
44399
140078
83464
137139
32113
69009
4570
141292
30298
157573
192818
51716
37834
88034
141773
218068
63093
48435
90355
109236
197212
109414
58188
42267
29304
128373
75184
33394
99167
84605
39035
82705
218419
71145
105992
4656
41747
17559
178714
71765
109236
205126
78997
168249
87135
23518
117988
169881
175122
136636
208334
47975
92327
61347
196917
119282
134177
165305
167601
94712
3545
160605
168480
94406
122725
90504
67771
208205
8222
52197
143984
14795
37291
149812
81012
70957
675
94433
135738
69345
208704
10807
26597
129751
210739
200443
35124
78556
7221
75884
88974
5540
118947
212811
23514
192477
31280
52146
194735
66879
185287
109507
22996
201523
174364
44248
195423
17391
182380
136791
162089
138480
9379
224
95986
201605
54656
60445
196481
201040
208738
7567
116568
193361
91263
28328
15628
81651
179548
112985
60057
45113
81780
9606
166427
187461
196227
87676
77955
19302
136520
137626
89484
52918
192783
184965
101549
215826
59625
50650
200600
186305
166094
144004
72617
167581
50400
199698
50649
32510
117571
161957
127216
100712
21529
82745
141951
169609
83634
156508
126993
193672
191717
103256
178297
57902
81975
108034
36475
22584
211358
206988
111835
95272
97593
82985
42097
62675
175813
117376
203361
167756
162983
78027
160615
169946
59182
57027
100125
65319
25008
185425
59439
195931
6388
214366
151140
3841
121718
187710
153980
206615
25660
133297
32973
11983
197529
206801
149299
88965
96765
167148
207423
75580
30384
20040
159798
25082
139686
14080
73272
188802
166429
119255
147734
166518
218019
51388
39456
90106
69421
24429
215030
33151
194840
51981
73880
9864
93551
172998
25684
30897
74740
45430
26064
146669
4550
201975
42252
211562
199077
197637
106884
17333
186780
83054
168830
213666
26450
17891
80397
213426
117871
122249
146751
27700
41710
100078
49946
167309
104667
204190
145267
175666
46760
187032
92898
47381
163817
150436
89667
79257
156847
8875
211059
84796
127215
213764
18816
26915
163528
8655
196835
118103
13879
19502
136458
146246
122472
139758
52847
118086
163153
145114
213262
41338
98823
174
13825
61240
79707
2398
16990
49147
24725
218750
118152
74350
179504
155544
68614
140812
103424
55578
178221
162876
98763
158974
77682
162127
211607
23000
80307
104772
118032
41702
31725
78193
187113
199443
203012
30503
55837
122655
214840
73623
8497
65165
149544
211872
218429
98743
29799
21582
59899
1579
171960
9214
168895
94967
106846
12079
55146
34353
192360
44840
16809
158606
138040
149266
178871
215612
42872
66874
59345
60677
83000
154878
101129
12069
112655
205033
89903
31553
89993
217367
48390
190004
179117
125886
11313
179368
142716
73097
191471
126572
101149
161898
152345
181493
67888
38694
74486
40801
151320
179933
33937
26289
51936
10590
177538
14059
179705
146756
39280
66969
181110
91022
184910
151129
579
78127
95322
87323
29613
97778
170247
2914
178344
153866
90368
112850
158752
197609
67562
123204
163279
138476
60837
53302
168743
160754
101135
100799
49784
54868
194942
25019
165481
176035
212111
208290
38613
68055
152193
143606
166603
90705
9500
180459
86275
139653
35966
38547
42322
172334
65834
66670
23815
75357
214612
196989
115973
154969
201808
193674
111570
170488
164856
218233
141677
56538
8702
187553
97702
181783
75456
21262
157271
95864
188514
200486
98290
153503
196618
170096
13334
188755
85081
198336
217774
7498
174230
140260
33783
17716
192410
201668
111826
23159
204128
200353
167168
186776
135272
107308
9258
137972
181368
202072
111391
11955
59390
177107
178816
100133
208190
173883
201107
180294
64214
182167
218504
7387
208234
72200
84273
209586
149636
84640
12362
160744
68608
151116
25591
94844
41751
85388
156614
178856
107843
194655
210176
7972
118209
29937
20989
215692
51529
2142
186706
89765
9517
19476
32055
166120
29722
204798
130140
95194
201967
202045
92544
195822
195513
104007
83469
31146
177575
218057
9288
926
122840
29782
193498
65708
119138
8256
60980
186708
188993
95265
204165
165574
54385
34726
128684
67411
80424
120668
203886
29409
128467
202677
174132
22560
112530
136103
67405
150610
90558
120341
141444
9800
171135
26127
118589
30902
104749
216766
10855
141206
123652
45532
98953
163220
148044
176622
207628
151893
208956
210804
85033
23025
59741
213347
7928
211865
69235
28391
22942
209403
104065
108189
205575
176588
204340
97436
208856
213174
52883
11451
22898
36149
155290
175210
61114
7774
47266
118691
187229
153456
160739
204184
150446
192527
41935
177590
167221
150339
36848
112143
148800
48712
78179
16525
118599
165710
41627
211265
129661
38195
55333
202318
111297
213494
43945
2327
70568
173478
214186
73839
26037
103073
51047
155483
17628
184313
159525
209948
13352
98654
125449
152227
60129
85248
43563
9998
156608
37751
125535
74283
178423
195027
113215
172455
74382
111586
106787
13251
87573
53923
103683
91856
88198
160454
187743
210913
184340
145713
172928
127158
5354
192206
67417
108422
102248
88243
63754
142516
149411
34706
40366
29809
38837
49089
7819
116335
215279
21861
172693
30596
125384
84561
118853
117575
113821
79561
111159
50241
201813
142370
37824
78069
34423
9019
130432
9091
208147
210009
190637
115755
75895
120325
192074
63655
119186
173055
214671
76139
162938
156723
154337
30372
63049
84231
87826
54462
198408
172806
34877
209502
84357
166817
100051
166470
175253
197379
159655
113493
147049
130555
216267
198653
36256
211526
123695
211319
67356
197200
172883
174729
70797
76673
39498
164165
194669
176395
166134
60436
40018
18610
146246
117145
90216
201241
214637
38345
20107
25721
44549
217579
153267
30897
28653
49572
187474
174801
148856
15106
150470
60456
86733
134141
206304
119011
178235
96766
58909
178035
40167
22411
57153
52480
25786
116508
128684
33320
202937
101033
99332
204962
99237
191110
134409
43371
24472
112100
204145
189209
181693
192589
67382
47628
111328
105106
165128
24404
151060
37379
57770
121213
7358
195648
71075
107236
108845
183365
96002
161855
74513
157986
206862
17841
159353
111314
165967
138058
216230
121301
53288
131650
214955
152285
152808
12592
153185
131863
44215
163673
154601
9910
67361
171868
215644
18737
192827
196276
157734
116300
137724
191423
63702
215544
165768
43917
183173
66588
212711
106808
177533
6980
17370
149299
131776
38795
209030
216003
107746
69608
49797
153219
201779
6906
40989
218188
143233
118143
212636
20694
165440
56952
123855
197105
134323
188987
171376
34097
213422
164472
170340
171114
141461
91753
208605
7698
40114
37656
25867
185690
60254
42781
21732
67579
149971
133302
127610
7116
38127
15616
117774
150724
116032
127833
188172
21085
90101
50345
8887
178664
69736
125804
202528
124188
99877
207930
203609
116175
87623
198065
50556
200916
135758
162899
75547
208517
122769
19413
138870
134595
26909
117317
136777
35821
167555
104998
78035
111147
182771
75131
181145
116119
97557
136189
22042
212457
41126
138459
38391
148139
212223
126455
171857
166926
47447
47822
197913
212711
89265
85325
120272
108075
84524
14905
193066
199190
18298
56371
137874
153872
154451
50210
158521
66709
172422
128263
178310
148460
115201
205665
34230
151311
134254
168194
145663
69236
62043
164270
34474
183699
142799
209674
42276
107630
175916
9989
44597
202343
102018
211588
157153
172811
107739
187573
19203
154511
167589
121411
105886
95986
12524
139052
34637
4517
191493
134972
54721
217956
68462
154598
161914
180133
135170
126733
153835
24665
110970
20058
38043
87610
57388
95262
37011
107779
140705
176483
163832
142506
126912
20409
37173
187334
12577
41591
168372
84093
28375
210975
190306
7864
116302
39749
11411
218379
136769
156521
64277
112935
101369
141140
35043
206029
135220
206686
106360
76281
181128
101586
112410
168418
190252
36140
158482
214837
33311
11208
216170
111549
95035
36347
28193
101686
97240
182527
145201
152639
123325
56545
71609
27403
38394
149934
139999
22715
5350
142469
180514
106361
30146
208806
39685
40976
133473
86647
133798
208433
12050
141789
58917
141326
138531
56967
128030
175056
108074
13132
57388
158825
94587
27553
43664
134190
34885
218658
161822
92945
206354
31973
199531
16310
15199
112080
82095
209392
140363
1673
74696
189990
47837
12618
83956
77461
138977
95039
11853
35359
162367
78878
64760
212451
110558
197192
121476
89126
171894
164668
48299
64748
178469
123632
8951
190642
115605
138913
19376
173155
27213
199895
187210
179376
108834
201949
139062
48387
17805
170364
125148
9744
202852
92039
15993
151495
158479
102943
56077
196279
181444
93397
142948
87043
2136
96458
90092
42984
65223
143073
138122
114771
90592
125653
135330
76275
5099
142605
210615
63394
161049
171255
3303
125395
11658
16341
125429
185522
44062
86448
115248
124891
150590
181784
165158
183616
213531
5676
108426
52238
90516
65127
82174
193081
214376
191596
50154
136943
84579
25849
167798
69409
209209
25006
37374
142552
18366
541
82290
32300
33454
11863
91987
111864
116661
46642
156334
81883
97018
112203
52998
184627
27924
81828
172029
49696
207857
114070
182166
159509
11220
67429
2481
152175
103663
35176
73696
24463
168924
176863
4535
206841
174277
44436
174054
138922
43890
131055
102186
137301
215758
18041
88952
180983
126334
32882
89945
171441
175108
39364
4984
77659
142872
63262
49974
60643
10246
128046
155573
128394
5253
187673
147560
115167
206278
141932
203387
47912
40964
141317
164016
57951
76570
91306
119338
7541
171384
88250
10376
12605
206911
156119
162601
20476
80306
74930
73470
43574
36538
133789
56198
92414
91020
55618
153284
32967
194749
16640
279
35227
135822
147002
190478
94443
124380
42153
66430
193043
33232
40329
1705
155997
182136
135390
5727
77240
213773
95767
71244
117502
17223
34987
101770
163808
101389
97254
67183
213441
174265
153217
3097
125255
58069
163744
209311
88750
2798
38007
14496
98250
78025
92312
103478
183235
35574
29853
169023
137304
55746
105530
75854
201253
134575
160120
105326
71741
68982
41903
81576
22508
12363
190478
189382
69310
107159
189203
95914
714
55362
168261
142529
45212
134515
127314
115271
38645
26097
212291
181179
24575
63878
108295
134730
47613
26290
37704
154770
171178
108725
25843
19803
194032
79362
111913
9347
200915
27150
189020
17186
61793
70874
192432
160766
182724
219
217271
27430
57722
189613
87897
192658
189953
23883
136046
210328
154305
200559
175623
26598
187977
27657
144131
105085
32136
214513
8387
103516
135132
48911
17077
41107
11385
949
123791
178748
85415
76371
147635
102708
521
62629
74234
2434
192839
49583
79729
17422
56045
90148
131
148077
96812
138575
204066
11382
130104
108420
163127
142291
23950
8256
217998
74042
173503
36390
10295
205359
89610
188750
62565
117351
183324
180311
29475
47742
101323
210427
44049
112230
133653
212942
70982
67101
119673
73207
24116
167955
104023
193281
116433
6557
31603
135822
76478
214423
186392
113745
150354
77486
169720
21872
171878
159034
81511
43993
1072
62081
178768
117018
118614
191017
128157
81209
23976
152244
58913
133533
33707
104168
105
164030
161483
199617
19684
69544
89308
136435
144417
151583
21235
6573
113196
9517
90473
200323
165255
79996
54179
171218
73881
4257
197811
115650
190422
60129
30385
70710
8021
20835
15009
160155
93980
56655
115026
179410
155315
85711
182645
213339
163306
192205
121119
164418
141046
153027
186446
136056
190510
45208
131155
118129
118287
62752
91906
156386
215413
112663
86900
72846
47712
104460
28689
2974
189346
165094
166429
31907
183011
99435
79421
155038
182658
70305
177240
150071
32716
119025
61549
178333
116260
131663
57027
79527
182552
112080
213020
74375
84591
190900
212231
94967
167412
49023
152234
163179
148613
208149
107024
67745
207693
75213
72019
5813
78479
31673
78831
137474
159132
152756
216928
33407
70908
59627
3107
73803
102916
1944
195719
135643
196057
94602
153921
32684
18877
202568
66920
33775
14979
94858
39937
136030
97242
217582
179550
87621
204051
192451
114109
25334
210841
118202
147230
18223
191600
108246
21135
40985
116896
113924
212567
183578
117517
75709
137461
24355
210674
153550
199225
48224
50998
36331
191895
171503
76403
109512
116108
179730
112178
21780
166555
34638
61088
143405
212988
81505
129555
51178
160358
195079
154165
148717
36748
54913
65991
80921
39623
145281
63586
7139
94643
166882
59991
128582
109429
110440
55167
191355
176806
185490
157774
7765
183113
113021
98271
87267
124336
36917
182530
99806
175280
72331
185283
33829
142122
149548
22617
25006
161258
217178
14268
150617
167723
191109
150561
56099
15989
199694
76380
198300
11436
153209
7204
212414
6013
8262
167868
164955
112697
194186
12416
215427
101536
43041
20601
162150
149791
76016
201054
31648
142628
176264
180471
20079
157775
202864
85786
210444
113200
128997
138930
10782
155228
43355
216485
96702
64323
11326
70228
1130
2153
212563
194944
50194
206994
54578
200087
100071
63407
152593
80906
204198
95279
133671
114361
3655
19382
33179
119988
146745
21938
12756
159537
78036
195892
187903
26422
11753
182211
106103
110626
189626
17211
165826
192673
115032
33163
96457
167097
23385
17590
192275
144768
127299
118866
61157
178097
215114
167986
67459
116618
175744
144807
55290
32400
202627
90259
8440
76876
41709
106140
30374
18127
211122
160389
161878
58509
177028
168487
139377
176273
212583
103475
204023
58652
217699
3804
67062
174336
116465
103022
216114
67266
63794
99168
182273
129795
102446
165669
78502
62844
201019
148492
50860
149553
153083
8520
106602
108441
129549
54702
103421
135965
141601
172650
42474
195253
209109
92058
64519
91800
215091
200937
30617
80105
131925
91606
29832
32032
181858
183997
162222
51771
214115
139162
192300
78646
9617
178316
157036
20182
25895
126429
200193
96259
134224
15721
26045
62045
120199
137407
132755
45733
66415
57479
39864
77172
210160
125542
162985
165708
162327
173795
25006
193890
42924
179978
77766
6465
80317
139446
146948
138765
132162
155136
6567
175502
50229
24571
43150
181531
143741
152521
161560
57734
74498
96861
127150
192038
39483
139055
102405
135095
75390
12533
147276
161898
22903
73210
201159
208893
6413
119019
92853
99117
32878
149250
54390
59448
17915
205398
61481
151495
86905
8697
122360
166355
101675
22472
179594
153020
99401
150554
42666
129486
150790
185451
46472
213876
174067
101400
12877
193619
69829
184896
130589
168290
172745
6003
64881
106389
172293
17840
70164
60039
88986
52415
150089
19306
182249
134233
148650
130630
64247
107377
209204
38424
99570
141480
141602
206287
16913
178252
158331
6025
139844
54004
134992
115274
8087
47380
66690
83912
150044
191261
61268
27819
9747
182863
194248
10149
122589
122085
10549
71778
195462
89705
22831
135643
178859
100524
86874
213141
6737
216041
71629
87431
215702
16143
126687
44171
107058
218455
187169
30405
103114
55179
112930
159537
178078
172188
182925
85444
204592
191937
215783
189394
159192
101915
187995
114472
208425
52417
131947
105228
3622
163937
131063
68885
18981
74766
30122
94248
86402
91864
64397
197741
131886
11261
116769
170568
89134
15091
188987
178165
24073
83681
182003
199319
27684
180067
53911
217699
185807
140714
4537
199775
96646
75468
203558
127629
85270
64249
120418
190074
18329
210766
170836
83571
94023
215132
190963
114948
9520
162078
142703
28466
200622
9908
33897
26721
147435
18237
122337
132824
4221
136085
150858
180522
161351
157045
214834
88997
97217
74693
72016
16464
59386
106108
73775
38632
171349
19319
86976
124921
127616
70448
58921
32393
99621
134399
155695
66021
189493
155280
151824
8827
98718
9371
184535
146940
162817
129600
209205
147701
200926
72288
13348
89388
101464
152276
7582
2582
210716
160834
212308
218323
7582
32781
50095
201799
103085
23860
153747
118220
61481
167683
151239
141453
139993
169487
20690
37362
195116
124226
98960
36550
51324
5354
166770
110439
45862
7234
44914
135604
92257
142856
36138
130124
10001
99148
40341
27460
205490
107034
216602
196649
61122
166630
115768
174781
20308
44265
179303
206963
41137
39859
124722
19762
80819
118877
153898
216225
13586
199182
93047
72906
198300
137583
187481
26559
101241
201207
74448
21618
189319
54085
73124
43040
49449
99781
132247
96020
199815
129999
199803
36464
53503
207229
217328
77383
212986
164553
195672
104504
175315
171209
211359
181520
193010
145813
140420
31396
170044
200651
35855
20890
10632
11316
87906
25000
112638
128622
194380
195961
51827
189407
131977
212383
206338
116029
121728
168553
155296
39514
102397
48480
66458
63198
8208
197059
18362
122178
213594
189233
181391
108362
191706
101587
71992
58812
7504
52906
23728
111470
9103
136206
210190
140943
125780
98208
128803
185323
185600
56862
48421
133101
194882
11831
165511
159136
182796
177165
193086
30413
56835
89034
204381
71587
215815
216531
73168
167189
40827
183561
57214
106926
48236
41237
203091
36517
103383
154709
51935
87949
197209
124904
75260
73560
130097
76006
180787
11408
31934
63103
187105
190801
15454
193445
135895
200605
63361
82987
21005
154003
135618
110511
11141
74316
153555
106319
137775
23064
139793
82438
214153
109025
102697
120428
46655
187808
119939
38070
68597
34968
185062
188500
89940
21992
151585
207680
98452
136535
208757
58319
179244
27310
130189
19388
85970
27790
24595
204183
86164
93871
5424
116276
180904
158732
28166
161883
189853
101094
92978
23721
102588
118856
58359
71317
188926
182389
207867
106724
212593
108452
41626
29496
196550
184965
136843
147249
54108
146086
68171
15255
157703
1107
106941
139545
143988
217345
88427
149886
196737
95362
141204
185057
107629
206384
37775
208949
43654
205448
25394
150942
44753
131258
101359
207375
204929
17818
121731
133377
14249
88480
34131
74006
157839
139559
741
51669
54119
41953
98307
158584
105702
100266
165969
110815
59961
54155
211307
63525
2753
205593
212104
214517
92115
92986
67403
92795
176403
211618
159169
65491
62444
181522
211104
40306
88977
202868
141182
23946
5703
6794
93106
118521
192365
78330
25123
18558
185934
188161
5971
104128
50864
163708
204027
164289
191779
90951
218543
50791
18482
179349
104740
185022
134062
25435
13873
194103
173737
7348
166945
97196
188287
96410
132790
33331
170266
215479
41154
227
154900
9891
142954
717
131867
97010
218234
10227
49906
14702
24651
76339
46584
129498
148653
146278
106080
153427
218393
61199
213700
138739
34901
215412
6663
202944
187062
58265
14088
98717
207256
127830
15588
62861
138644
195335
211727
36536
29235
88250
146037
138970
173667
207097
57983
174419
84803
102162
44294
105170
81570
114479
42221
9437
107279
105619
10667
156186
10137
82427
31829
96501
141969
52254
112895
6155
122561
107576
198878
70967
12420
6371
135605
174283
43644
60700
156146
82534
142491
135312
197019
162163
19559
146545
124540
155252
94462
17450
205765
31733
175207
201914
2528
211322
92305
109655
212122
96178
82472
137911
164727
39210
70724
116028
41678
107863
50930
173729
3110
169347
160325
101944
189026
28579
45292
202021
163894
1653
204750
180750
176041
197365
151188
138200
183671
167484
60581
179104
207892
57130
124077
59271
180101
29307
163587
69550
62899
24516
15474
36525
116833
126254
85575
182366
192543
50196
105301
145204
51403
169146
22250
135863
51566
75715
48071
16437
157914
29302
54607
7327
70245
134879
204768
55186
92952
137479
4322
183441
103903
35161
215086
177527
25228
70902
199560
38630
17788
114571
83356
104768
80985
97273
43636
14873
148248
79766
79811
18934
85767
85386
129193
61878
73291
23151
192759
110317
140642
124045
8237
74023
180264
25599
201809
130343
26235
105497
185364
132196
128188
31983
116159
24116
131247
217009
194424
178970
28066
72092
139097
138376
57780
71396
131030
121668
81872
91575
216343
33328
209865
135250
39894
25989
73302
49909
48004
150626
13544
216465
146427
159155
42622
67849
150247
24860
181563
132512
76440
28773
177431
91011
86772
4714
52545
99942
2501
206338
129779
137760
106773
122972
132578
160639
19224
138406
175444
51324
180036
170521
129740
4868
105580
34164
159894
68380
201455
101553
17411
41105
206442
64194
21368
46695
41154
192784
21640
200201
194843
217388
212018
141039
155803
84019
22559
28612
10961
144929
132334
86995
50097
171181
187841
182680
53320
144642
146739
1801
55499
102819
94854
5185
68687
192512
36714
128702
202605
22982
177754
77800
25024
164077
18625
162248
185079
17895
83068
114658
181641
125454
63820
25922
206571
33560
110591
10979
205455
100860
216302
68423
77509
50210
34110
26485
73764
145892
27151
162683
86143
159624
122235
186331
139703
51940
178921
37547
90055
93164
81634
122714
41814
103409
101294
94520
20367
99322
127679
148443
52128
100661
211963
29944
96956
114253
210417
210233
2338
204063
15886
96909
108163
146566
205686
78509
51833
187546
30860
84419
87258
173773
4787
152016
51319
185943
201140
85054
180977
66813
27362
19427
12174
44913
177773
24065
134160
58234
193639
166680
181854
112301
210562
124450
177479
63207
104967
58743
9582
179386
94107
173451
174682
161324
122034
75960
105205
183381
189461
215079
203711
201455
127601
86354
155612
42016
202990
206423
51194
69002
211257
85238
67818
157846
134172
190446
191595
152610
105095
145060
75344
88488
122728
20822
66432
207902
181091
87984
197264
2837
28336
165190
192458
207867
32041
162527
132419
95636
119234
137953
100367
53103
12221
143962
1510
112875
109444
35534
172553
167741
14747
61268
110063
24290
172660
201643
204759
26398
181880
123170
172406
117768
183997
145447
91750
210952
189919
131821
60010
204545
112095
168553
129328
89796
137777
80515
215737
181380
206634
31198
136400
121983
112389
177424
190823
213625
191850
132218
148230
145059
5794
209472
92319
144556
36917
85308
133110
192646
184654
175867
126429
124034
107650
54552
152080
5692
144087
53910
80665
59197
113958
133799
160539
102317
173400
614
202151
115861
194600
145321
145632
157369
134055
139308
42924
13353
10609
183000
144516
135869
202058
130344
122155
49223
78632
107050
204807
16295
217770
101834
193932
5437
49311
196371
97659
12334
6839
194052
99680
142350
206812
188786
118275
73651
92000
76300
107381
154585
156592
11614
108315
37725
147911
31986
56921
26773
6040
51103
102946
143969
189542
158179
17101
90894
86963
107475
75827
154479
174389
144856
77402
54858
90999
218068
149538
77884
166700
202602
176189
117034
3320
32266
72740
7141
121647
60106
82398
131115
129089
199895
132091
100197
31107
15267
100445
16598
13178
184950
138527
83234
202332
44124
134197
161880
44314
202718
55732
187211
129168
33580
13287
213244
3641
131783
184599
136786
86538
116005
133088
218490
177006
172802
112253
133570
79502
9222
83563
160907
13981
78112
37419
174251
209163
144599
61588
98079
50437
155860
60421
77976
106337
21465
29026
190826
2863
154033
26261
6442
41066
124192
106461
14289
167532
154197
21212
103912
60481
164984
46853
156782
98877
27618
163177
162932
70430
114695
99459
212949
17811
161716
204371
177332
104979
21374
155054
147762
27738
101560
58911
193689
213537
35732
163436
14044
86475
200277
91493
32110
45997
172687
57846
141779
12192
79508
113529
92563
100138
36204
39294
118572
177540
163823
195968
101575
13807
211019
2375
70411
193054
122425
130881
73519
52218
41655
110362
201653
146819
138527
90490
182800
116128
1808
12759
74897
95135
69236
10246
26860
198306
98288
216567
197167
50844
50662
190534
179188
142192
179909
116487
64355
165544
83563
43319
12048
59730
13157
192865
205954
207361
177624
33151
48058
139162
38192
68685
47026
191290
172944
19008
30456
86400
16005
105
187869
200887
185847
121070
214249
171401
27739
45370
126662
6637
204067
142174
32842
82500
838
186199
159686
201085
136194
4940
19354
51709
76609
108652
122593
154008
59537
44992
174664
57833
141766
151956
158725
130827
60743
137734
172096
208119
189215
175576
152325
23411
17197
213566
202800
29446
143875
30041
179885
93948
105241
12863
113434
38537
127366
72344
210464
158447
173773
185719
105182
127156
5792
81911
99615
211748
185413
17098
5266
35966
119647
200168
37763
109672
20123
64307
5924
162366
179140
76253
71847
83609
71188
51916
18024
37792
15106
88936
110286
62824
77103
104359
72456
192094
217743
130454
40412
12832
119432
128467
157508
79849
136971
127280
173870
154190
111417
104968
136169
59916
110000
145813
81475
180928
130717
179325
104354
175160
200578
217258
78468
53995
299
8250
17263
94356
105453
215444
52387
175640
214868
117810
185115
32257
48587
6852
20239
196379
177180
74342
74133
158291
64584
120678
140082
200329
105688
215782
212604
209536
